Dynamical matrix file
Phonons on a uniform q-grid                                                
  1    2   2  10.2000000   0.0000000   0.0000000   0.0000000   0.0000000   0.0000000
           1  'Si  '    25598.3672898282     
    1    1      0.0000000000      0.0000000000      0.0000000000
    2    1      0.2500000000      0.2500000000      0.2500000000

     Dynamical  Matrix in cartesian axes

     q = (    0.000000000   0.000000000   0.000000000 ) 

    1    1
  0.11974208   0.00000000     0.00000000   0.00000000     0.00000000   0.00000000
  0.00000000   0.00000000     0.11974208   0.00000000     0.00000000   0.00000000
  0.00000000   0.00000000     0.00000000   0.00000000     0.11974208   0.00000000
    1    2
 -0.11864154   0.00000000     0.00000000   0.00000000     0.00000000   0.00000000
  0.00000000   0.00000000    -0.11864154   0.00000000    -0.00000000   0.00000000
  0.00000000   0.00000000    -0.00000000   0.00000000    -0.11864154   0.00000000
    2    1
 -0.11864154   0.00000000     0.00000000   0.00000000     0.00000000   0.00000000
 -0.00000000   0.00000000    -0.11864154   0.00000000    -0.00000000   0.00000000
  0.00000000   0.00000000    -0.00000000   0.00000000    -0.11864154   0.00000000
    2    2
  0.11974208   0.00000000     0.00000000   0.00000000    -0.00000000   0.00000000
  0.00000000   0.00000000     0.11974208   0.00000000    -0.00000000   0.00000000
  0.00000000   0.00000000    -0.00000000   0.00000000     0.11974208   0.00000000

     Dielectric Tensor:

         17.542926789222          0.000000000000          0.000000000000
          0.000000000000         17.542926789222         -0.000000000000
          0.000000000000          0.000000000000         17.542926789222

     Effective Charges E-U: Z_{alpha}{s,beta}

     atom #    1
          1.280871905467         -0.000000000000         -0.000000000000
         -0.000000000000          1.280871905467          0.000000000000
         -0.000000000000         -0.000000000000          1.280871905467
     atom #    2
          1.280871905467          0.000000000000          0.000000000000
          0.000000000000          1.280871905467          0.000000000000
          0.000000000000          0.000000000000          1.280871905467

     Effective Charges U-E: Z_{s,alpha}{beta}

     atom #    1
      0.128532144967E+01     -0.222044604925E-15      0.666133814775E-15
     -0.444089209850E-15      0.128532144967E+01      0.000000000000E+00
      0.666133814775E-15      0.222044604925E-15      0.128532144967E+01
     atom #    2
      0.128532144967E+01      0.133226762955E-14      0.444089209850E-15
      0.777156117238E-15      0.128532144967E+01      0.111022302463E-15
      0.444089209850E-15      0.444089209850E-15      0.128532144967E+01

     Diagonalizing the dynamical matrix

     q = (    0.000000000   0.000000000   0.000000000 ) 

 **************************************************************************
     freq (    1) =       0.682138 [THz] =      22.753676 [cm-1]
 (  0.408302  0.000000 -0.245325  0.000000 -0.522595  0.000000 ) 
 (  0.408302  0.000000 -0.245325  0.000000 -0.522595  0.000000 ) 
     freq (    2) =       0.682138 [THz] =      22.753676 [cm-1]
 (  0.364179  0.000000  0.606114  0.000000 -0.000000  0.000000 ) 
 (  0.364179  0.000000  0.606114  0.000000  0.000000  0.000000 ) 
     freq (    3) =       0.682138 [THz] =      22.753676 [cm-1]
 (  0.447955  0.000000 -0.269150  0.000000  0.476335  0.000000 ) 
 (  0.447955  0.000000 -0.269150  0.000000  0.476335  0.000000 ) 
     freq (    4) =      10.039385 [THz] =     334.877834 [cm-1]
 ( -0.510832  0.000000 -0.488928  0.000000 -0.000000  0.000000 ) 
 (  0.510832  0.000000  0.488928  0.000000  0.000000  0.000000 ) 
     freq (    5) =      10.039385 [THz] =     334.877834 [cm-1]
 (  0.230981  0.000000 -0.241330  0.000000 -0.623224  0.000000 ) 
 ( -0.230981  0.000000  0.241330  0.000000  0.623224  0.000000 ) 
     freq (    6) =      10.039385 [THz] =     334.877834 [cm-1]
 ( -0.430927  0.000000  0.450233  0.000000 -0.334054  0.000000 ) 
 (  0.430927  0.000000 -0.450233  0.000000  0.334054  0.000000 ) 
 **************************************************************************
