Dynamical matrix file
default                                                                    
  2    3   0   1.8897261   0.0000000   0.0000000   0.0000000   0.0000000   0.0000000
Basis vectors
     10.000000000    0.000000000    0.000000000
      0.000000000   10.000000000    0.000000000
      0.000000000    0.000000000   10.000000000
           1  'O   '    14582.5610231926     
           2  'C   '    10947.0833707051     
    1    1      6.1619624629      5.0000000000      5.0000000000
    2    1      3.8380375371      5.0000000000      5.0000000000
    3    2      5.0000000430      5.0000000000      5.0000000000

     Dynamical  Matrix in cartesian axes

     q = (    0.000000000   0.000000000   0.000000000 ) 

    1    1
  2.05714452   0.00000000     0.00000000   0.00000000     0.00000000   0.00000000
  0.00000000   0.00000000     0.04991497   0.00000000    -0.00000000   0.00000000
  0.00000000   0.00000000    -0.00000000   0.00000000     0.04991497   0.00000000
    1    2
 -0.14757068   0.00000000     0.00000000   0.00000000     0.00000000   0.00000000
  0.00000000   0.00000000     0.17120058   0.00000000     0.00000000   0.00000000
  0.00000000   0.00000000     0.00000000   0.00000000     0.17120058   0.00000000
    1    3
 -1.91215185   0.00000000     0.00000000   0.00000000     0.00000000   0.00000000
  0.00000000   0.00000000    -0.12445086   0.00000000    -0.00000000   0.00000000
  0.00000000   0.00000000    -0.00000000   0.00000000    -0.12445086   0.00000000
    2    1
 -0.14757068   0.00000000     0.00000000   0.00000000     0.00000000   0.00000000
  0.00000000   0.00000000     0.17120058   0.00000000    -0.00000000   0.00000000
  0.00000000   0.00000000    -0.00000000   0.00000000     0.17120058   0.00000000
    2    2
  2.05714452   0.00000000     0.00000000   0.00000000     0.00000000   0.00000000
  0.00000000   0.00000000     0.04991497   0.00000000     0.00000000   0.00000000
  0.00000000   0.00000000     0.00000000   0.00000000     0.04991497   0.00000000
    2    3
 -1.91215185   0.00000000     0.00000000   0.00000000     0.00000000   0.00000000
  0.00000000   0.00000000    -0.12445086   0.00000000     0.00000000   0.00000000
  0.00000000   0.00000000     0.00000000   0.00000000    -0.12445086   0.00000000
    3    1
 -1.90133950   0.00000000     0.00000000   0.00000000    -0.00000000   0.00000000
  0.00000000   0.00000000    -0.13386367   0.00000000     0.00000000   0.00000000
  0.00000000   0.00000000     0.00000000   0.00000000    -0.13386367   0.00000000
    3    2
 -1.90133950   0.00000000     0.00000000   0.00000000     0.00000000   0.00000000
  0.00000000   0.00000000    -0.13386367   0.00000000     0.00000000   0.00000000
  0.00000000   0.00000000     0.00000000   0.00000000    -0.13386367   0.00000000
    3    3
  3.82894388   0.00000000     0.00000000   0.00000000     0.00000000   0.00000000
  0.00000000   0.00000000     0.27889827   0.00000000     0.00000000   0.00000000
  0.00000000   0.00000000     0.00000000   0.00000000     0.27889827   0.00000000

     Diagonalizing the dynamical matrix

     q = (    0.000000000   0.000000000   0.000000000 ) 

 **************************************************************************
     freq (    1) =      -9.487744 [THz] =    -316.477061 [cm-1]
 ( -0.000003  0.000000 -0.000381  0.000000 -0.707107  0.000000 ) 
 ( -0.000003  0.000000 -0.000381  0.000000  0.707107  0.000000 ) 
 ( -0.000004  0.000000 -0.000202  0.000000  0.000000  0.000000 ) 
     freq (    2) =      -9.487743 [THz] =    -316.477033 [cm-1]
 (  0.000000  0.000000  0.707107  0.000000 -0.000381  0.000000 ) 
 ( -0.000000  0.000000 -0.707107  0.000000 -0.000381  0.000000 ) 
 ( -0.000000  0.000000 -0.000000  0.000000 -0.000202  0.000000 ) 
     freq (    3) =       2.385151 [THz] =      79.560085 [cm-1]
 ( -0.577838  0.000000 -0.000002  0.000000  0.000004  0.000000 ) 
 ( -0.577838  0.000000 -0.000002  0.000000 -0.000004  0.000000 ) 
 ( -0.576373  0.000000 -0.000002  0.000000  0.000000  0.000000 ) 
     freq (    4) =       7.334999 [THz] =     244.669227 [cm-1]
 (  0.000002  0.000000 -0.548470  0.000000  0.002677  0.000000 ) 
 (  0.000002  0.000000 -0.548473  0.000000  0.001951  0.000000 ) 
 (  0.000002  0.000000 -0.631141  0.000000  0.002623  0.000000 ) 
     freq (    5) =       7.334999 [THz] =     244.669232 [cm-1]
 ( -0.000000  0.000000 -0.002677  0.000000 -0.548470  0.000000 ) 
 ( -0.000000  0.000000 -0.001951  0.000000 -0.548473  0.000000 ) 
 ( -0.000000  0.000000 -0.002623  0.000000 -0.631141  0.000000 ) 
     freq (    6) =      19.648068 [THz] =     655.389001 [cm-1]
 ( -0.000000  0.000000  0.000973  0.000000 -0.368597  0.000000 ) 
 (  0.000000  0.000000  0.001187  0.000000 -0.368596  0.000000 ) 
 (  0.000000  0.000000 -0.002554  0.000000  0.853384  0.000000 ) 
     freq (    7) =      19.648068 [THz] =     655.389007 [cm-1]
 (  0.000000  0.000000 -0.368597  0.000000 -0.000973  0.000000 ) 
 (  0.000000  0.000000 -0.368596  0.000000 -0.001187  0.000000 ) 
 (  0.000000  0.000000  0.853384  0.000000  0.002554  0.000000 ) 
     freq (    8) =      40.451477 [THz] =    1349.316028 [cm-1]
 (  0.707107  0.000000 -0.000000  0.000000 -0.000000  0.000000 ) 
 ( -0.707107  0.000000  0.000000  0.000000 -0.000000  0.000000 ) 
 ( -0.000000  0.000000 -0.000000  0.000000  0.000000  0.000000 ) 
     freq (    9) =      72.091234 [THz] =    2404.704708 [cm-1]
 ( -0.330878  0.000000 -0.000000  0.000000 -0.000000  0.000000 ) 
 ( -0.330878  0.000000 -0.000000  0.000000  0.000000  0.000000 ) 
 (  0.883764  0.000000  0.000000  0.000000  0.000000  0.000000 ) 
 **************************************************************************
