Dynamical matrix file
default                                                                    
  2    3   0   1.8897261   0.0000000   0.0000000   0.0000000   0.0000000   0.0000000
Basis vectors
     10.000000000    0.000000000    0.000000000
      0.000000000   10.000000000    0.000000000
      0.000000000    0.000000000   10.000000000
           1  'O   '    14582.5610231926     
           2  'C   '    10947.0833707051     
    1    1      6.1684547281      5.0000000000      5.0000000000
    2    1      3.8315452719      5.0000000000      5.0000000000
    3    2      5.0000000430      5.0000000000      5.0000000000

     Dynamical  Matrix in cartesian axes

     q = (    0.000000000   0.000000000   0.000000000 ) 

    1    1
  1.96781326   0.00000000     0.00000000   0.00000000     0.00000000   0.00000000
  0.00000000   0.00000000     0.08483372   0.00000000     0.00000000   0.00000000
  0.00000000   0.00000000     0.00000000   0.00000000     0.08483372   0.00000000
    1    2
 -0.13378553   0.00000000     0.00000000   0.00000000     0.00000000   0.00000000
  0.00000000   0.00000000     0.06283659   0.00000000     0.00000000   0.00000000
  0.00000000   0.00000000     0.00000000   0.00000000     0.06283659   0.00000000
    1    3
 -1.81267834   0.00000000     0.00000000   0.00000000     0.00000000   0.00000000
  0.00000000   0.00000000    -0.16240634   0.00000000     0.00000000   0.00000000
  0.00000000   0.00000000    -0.00000000   0.00000000    -0.16240634   0.00000000
    2    1
 -0.13378553   0.00000000     0.00000000   0.00000000     0.00000000   0.00000000
  0.00000000   0.00000000     0.06283659   0.00000000     0.00000000   0.00000000
  0.00000000   0.00000000     0.00000000   0.00000000     0.06283659   0.00000000
    2    2
  1.96781326   0.00000000     0.00000000   0.00000000     0.00000000   0.00000000
  0.00000000   0.00000000     0.08483372   0.00000000     0.00000000   0.00000000
  0.00000000   0.00000000     0.00000000   0.00000000     0.08483372   0.00000000
    2    3
 -1.81267834   0.00000000     0.00000000   0.00000000     0.00000000   0.00000000
  0.00000000   0.00000000    -0.16240634   0.00000000    -0.00000000   0.00000000
  0.00000000   0.00000000     0.00000000   0.00000000    -0.16240634   0.00000000
    3    1
 -1.81267834   0.00000000     0.00000000   0.00000000     0.00000000   0.00000000
  0.00000000   0.00000000    -0.16240634   0.00000000    -0.00000000   0.00000000
  0.00000000   0.00000000     0.00000000   0.00000000    -0.16240634   0.00000000
    3    2
 -1.81267834   0.00000000     0.00000000   0.00000000     0.00000000   0.00000000
  0.00000000   0.00000000    -0.16240634   0.00000000     0.00000000   0.00000000
  0.00000000   0.00000000    -0.00000000   0.00000000    -0.16240634   0.00000000
    3    3
  3.65038532   0.00000000     0.00000000   0.00000000     0.00000000   0.00000000
  0.00000000   0.00000000     0.21029087   0.00000000     0.00000000   0.00000000
  0.00000000   0.00000000     0.00000000   0.00000000     0.21029087   0.00000000

     Dielectric Tensor:

          1.051239981515          0.000000000000          0.000000000000
          0.000000000000          1.025054255984          0.000000000000
          0.000000000000          0.000000000000          1.025054255984

     Effective Charges E-U: Z_{alpha}{s,beta}

     atom #    1
         -1.116728540401          0.000000000000          0.000000000000
          0.000000000000         -0.222373153575          0.000000000000
          0.000000000000          0.000000000000         -0.222373153575
     atom #    2
         -1.116728540401          0.000000000000          0.000000000000
          0.000000000000         -0.222373153575         -0.000000000000
         -0.000000000000          0.000000000000         -0.222373153575
     atom #    3
          2.247983317688          0.000000000000          0.000000000000
          0.000000000000          0.451243021374          0.000000000000
          0.000000000000          0.000000000000          0.451243021374

     Diagonalizing the dynamical matrix

     q = (    0.000000000   0.000000000   0.000000000 ) 

 **************************************************************************
     freq (    1) =      -6.636078 [THz] =    -221.355726 [cm-1]
 (  0.000000  0.000000 -0.525253  0.000000 -0.000000  0.000000 ) 
 (  0.000000  0.000000 -0.525253  0.000000  0.000000  0.000000 ) 
 (  0.000000  0.000000 -0.669492  0.000000  0.000000  0.000000 ) 
     freq (    2) =      -6.636078 [THz] =    -221.355726 [cm-1]
 (  0.000000  0.000000 -0.000000  0.000000 -0.525253  0.000000 ) 
 (  0.000000  0.000000  0.000000  0.000000 -0.525253  0.000000 ) 
 (  0.000000  0.000000  0.000000  0.000000 -0.669492  0.000000 ) 
     freq (    3) =       4.040556 [THz] =     134.778433 [cm-1]
 ( -0.000000  0.000000 -0.301084  0.000000 -0.639803  0.000000 ) 
 ( -0.000000  0.000000  0.301084  0.000000  0.639803  0.000000 ) 
 ( -0.000000  0.000000  0.000000  0.000000  0.000000  0.000000 ) 
     freq (    4) =       4.040556 [THz] =     134.778433 [cm-1]
 (  0.000000  0.000000 -0.639803  0.000000  0.301084  0.000000 ) 
 (  0.000000  0.000000  0.639803  0.000000 -0.301084  0.000000 ) 
 (  0.000000  0.000000  0.000000  0.000000  0.000000  0.000000 ) 
     freq (    5) =       4.274460 [THz] =     142.580630 [cm-1]
 (  0.577697  0.000000  0.000000  0.000000 -0.000000  0.000000 ) 
 (  0.577697  0.000000  0.000000  0.000000  0.000000  0.000000 ) 
 (  0.576656  0.000000  0.000000  0.000000  0.000000  0.000000 ) 
     freq (    6) =      19.014354 [THz] =     634.250582 [cm-1]
 (  0.000000  0.000000 -0.000000  0.000000 -0.396247  0.000000 ) 
 (  0.000000  0.000000  0.000000  0.000000 -0.396247  0.000000 ) 
 (  0.000000  0.000000  0.000000  0.000000  0.828237  0.000000 ) 
     freq (    7) =      19.014354 [THz] =     634.250582 [cm-1]
 ( -0.000000  0.000000  0.396247  0.000000  0.000000  0.000000 ) 
 ( -0.000000  0.000000  0.396247  0.000000 -0.000000  0.000000 ) 
 ( -0.000000  0.000000 -0.828237  0.000000  0.000000  0.000000 ) 
     freq (    8) =      39.494174 [THz] =    1317.383856 [cm-1]
 (  0.707107  0.000000 -0.000000  0.000000  0.000000  0.000000 ) 
 ( -0.707107  0.000000  0.000000  0.000000 -0.000000  0.000000 ) 
 (  0.000000  0.000000 -0.000000  0.000000  0.000000  0.000000 ) 
     freq (    9) =      70.370154 [THz] =    2347.295672 [cm-1]
 ( -0.331068  0.000000  0.000000  0.000000  0.000000  0.000000 ) 
 ( -0.331068  0.000000  0.000000  0.000000 -0.000000  0.000000 ) 
 (  0.883622  0.000000 -0.000000  0.000000  0.000000  0.000000 ) 
 **************************************************************************
