Dynamical matrix file
Phonons on a uniform q-grid                                                
  1    2   2  10.2000000   0.0000000   0.0000000   0.0000000   0.0000000   0.0000000
           1  'Si  '    25598.3672898282     
    1    1      0.0000000000      0.0000000000      0.0000000000
    2    1      0.2500000000      0.2500000000      0.2500000000

     Dynamical  Matrix in cartesian axes

     q = (    0.000000000   0.500000000   0.000000000 ) 

    1    1
  0.11419534   0.00000000    -0.00000000   0.00000000    -0.00000000   0.00000000
  0.00000000   0.00000000     0.13108311   0.00000000    -0.00000000   0.00000000
 -0.00000000   0.00000000    -0.00000000   0.00000000     0.11419534   0.00000000
    1    2
 -0.06011496   0.06011496     0.00000000  -0.00000000    -0.09807043  -0.09807043
  0.00000000  -0.00000000    -0.04807490   0.04807490     0.00000000   0.00000000
 -0.09807043  -0.09807043     0.00000000  -0.00000000    -0.06011496   0.06011496
    2    1
 -0.06011496  -0.06011496     0.00000000   0.00000000    -0.09807043   0.09807043
 -0.00000000   0.00000000    -0.04807490  -0.04807490    -0.00000000  -0.00000000
 -0.09807043   0.09807043     0.00000000   0.00000000    -0.06011496  -0.06011496
    2    2
  0.11419534   0.00000000    -0.00000000   0.00000000     0.00000000   0.00000000
 -0.00000000   0.00000000     0.13108311   0.00000000     0.00000000   0.00000000
  0.00000000   0.00000000     0.00000000   0.00000000     0.11419534   0.00000000

     Dynamical  Matrix in cartesian axes

     q = (    0.000000000  -0.500000000   0.000000000 ) 

    1    1
  0.11419534   0.00000000    -0.00000000   0.00000000     0.00000000   0.00000000
 -0.00000000   0.00000000     0.13108311   0.00000000     0.00000000   0.00000000
  0.00000000   0.00000000     0.00000000   0.00000000     0.11419534   0.00000000
    1    2
 -0.06011496  -0.06011496     0.00000000   0.00000000    -0.09807043   0.09807043
  0.00000000   0.00000000    -0.04807490  -0.04807490    -0.00000000   0.00000000
 -0.09807043   0.09807043     0.00000000   0.00000000    -0.06011496  -0.06011496
    2    1
 -0.06011496   0.06011496     0.00000000   0.00000000    -0.09807043  -0.09807043
  0.00000000   0.00000000    -0.04807490   0.04807490     0.00000000  -0.00000000
 -0.09807043  -0.09807043    -0.00000000  -0.00000000    -0.06011496   0.06011496
    2    2
  0.11419534   0.00000000    -0.00000000   0.00000000     0.00000000   0.00000000
 -0.00000000   0.00000000     0.13108311   0.00000000     0.00000000   0.00000000
  0.00000000   0.00000000     0.00000000   0.00000000     0.11419534   0.00000000

     Dynamical  Matrix in cartesian axes

     q = (    0.500000000   0.000000000   0.000000000 ) 

    1    1
  0.13108311   0.00000000    -0.00000000   0.00000000    -0.00000000   0.00000000
 -0.00000000   0.00000000     0.11419534   0.00000000     0.00000000   0.00000000
 -0.00000000   0.00000000    -0.00000000   0.00000000     0.11419534   0.00000000
    1    2
 -0.04807490   0.04807490    -0.00000000   0.00000000    -0.00000000   0.00000000
 -0.00000000   0.00000000    -0.06011496   0.06011496    -0.09807043  -0.09807043
  0.00000000  -0.00000000    -0.09807043  -0.09807043    -0.06011496   0.06011496
    2    1
 -0.04807490  -0.04807490    -0.00000000  -0.00000000     0.00000000   0.00000000
 -0.00000000  -0.00000000    -0.06011496  -0.06011496    -0.09807043   0.09807043
 -0.00000000   0.00000000    -0.09807043   0.09807043    -0.06011496  -0.06011496
    2    2
  0.13108311   0.00000000     0.00000000   0.00000000    -0.00000000   0.00000000
  0.00000000   0.00000000     0.11419534   0.00000000    -0.00000000   0.00000000
 -0.00000000   0.00000000    -0.00000000   0.00000000     0.11419534   0.00000000

     Dynamical  Matrix in cartesian axes

     q = (    0.000000000   0.000000000   0.500000000 ) 

    1    1
  0.11419534   0.00000000     0.00000000   0.00000000    -0.00000000   0.00000000
  0.00000000   0.00000000     0.11419534   0.00000000    -0.00000000   0.00000000
  0.00000000   0.00000000     0.00000000   0.00000000     0.13108311   0.00000000
    1    2
 -0.06011496   0.06011496    -0.09807043  -0.09807043     0.00000000   0.00000000
 -0.09807043  -0.09807043    -0.06011496   0.06011496     0.00000000  -0.00000000
  0.00000000   0.00000000     0.00000000  -0.00000000    -0.04807490   0.04807490
    2    1
 -0.06011496  -0.06011496    -0.09807043   0.09807043    -0.00000000   0.00000000
 -0.09807043   0.09807043    -0.06011496  -0.06011496     0.00000000   0.00000000
 -0.00000000   0.00000000     0.00000000   0.00000000    -0.04807490  -0.04807490
    2    2
  0.11419534   0.00000000     0.00000000   0.00000000    -0.00000000   0.00000000
  0.00000000   0.00000000     0.11419534   0.00000000    -0.00000000   0.00000000
  0.00000000   0.00000000     0.00000000   0.00000000     0.13108311   0.00000000

     Dynamical  Matrix in cartesian axes

     q = (    0.000000000   0.000000000  -0.500000000 ) 

    1    1
  0.11419534   0.00000000     0.00000000   0.00000000     0.00000000   0.00000000
  0.00000000   0.00000000     0.11419534   0.00000000     0.00000000   0.00000000
  0.00000000   0.00000000     0.00000000   0.00000000     0.13108311   0.00000000
    1    2
 -0.06011496  -0.06011496    -0.09807043   0.09807043    -0.00000000   0.00000000
 -0.09807043   0.09807043    -0.06011496  -0.06011496    -0.00000000   0.00000000
  0.00000000  -0.00000000     0.00000000  -0.00000000    -0.04807490  -0.04807490
    2    1
 -0.06011496   0.06011496    -0.09807043  -0.09807043     0.00000000   0.00000000
 -0.09807043  -0.09807043    -0.06011496   0.06011496    -0.00000000   0.00000000
  0.00000000   0.00000000     0.00000000   0.00000000    -0.04807490   0.04807490
    2    2
  0.11419534   0.00000000     0.00000000   0.00000000     0.00000000   0.00000000
  0.00000000   0.00000000     0.11419534   0.00000000     0.00000000   0.00000000
  0.00000000   0.00000000     0.00000000   0.00000000     0.13108311   0.00000000

     Dynamical  Matrix in cartesian axes

     q = (   -0.500000000   0.000000000   0.000000000 ) 

    1    1
  0.13108311   0.00000000     0.00000000   0.00000000     0.00000000   0.00000000
  0.00000000   0.00000000     0.11419534   0.00000000    -0.00000000   0.00000000
 -0.00000000   0.00000000    -0.00000000   0.00000000     0.11419534   0.00000000
    1    2
 -0.04807490  -0.04807490     0.00000000   0.00000000     0.00000000   0.00000000
  0.00000000  -0.00000000    -0.06011496  -0.06011496    -0.09807043   0.09807043
  0.00000000   0.00000000    -0.09807043   0.09807043    -0.06011496  -0.06011496
    2    1
 -0.04807490   0.04807490     0.00000000   0.00000000     0.00000000  -0.00000000
  0.00000000   0.00000000    -0.06011496   0.06011496    -0.09807043  -0.09807043
  0.00000000  -0.00000000    -0.09807043  -0.09807043    -0.06011496   0.06011496
    2    2
  0.13108311   0.00000000     0.00000000   0.00000000     0.00000000   0.00000000
 -0.00000000   0.00000000     0.11419534   0.00000000    -0.00000000   0.00000000
  0.00000000   0.00000000    -0.00000000   0.00000000     0.11419534   0.00000000

     Diagonalizing the dynamical matrix

     q = (    0.000000000   0.500000000   0.000000000 ) 

 **************************************************************************
     freq (    1) =      -4.527410 [THz] =    -151.018145 [cm-1]
 ( -0.280539  0.197970 -0.000000 -0.000000 -0.587056 -0.193574 ) 
 ( -0.647439  0.206702  0.000000 -0.000000 -0.195185  0.000000 ) 
     freq (    2) =      -4.527410 [THz] =    -151.018145 [cm-1]
 (  0.362950  0.500373 -0.000000 -0.000000  0.103269 -0.327459 ) 
 ( -0.185938  0.059363 -0.000000 -0.000000  0.679634  0.000000 ) 
     freq (    3) =       5.164950 [THz] =     172.284196 [cm-1]
 (  0.000000  0.000000  0.328228  0.626312 -0.000000  0.000000 ) 
 ( -0.000000  0.000000 -0.210777  0.674962  0.000000  0.000000 ) 
     freq (    4) =       9.174306 [THz] =     306.021909 [cm-1]
 (  0.000000 -0.000000  0.535642 -0.461614  0.000000 -0.000000 ) 
 ( -0.000000  0.000000 -0.705167 -0.052346  0.000000  0.000000 ) 
     freq (    5) =      10.819503 [THz] =     360.899776 [cm-1]
 ( -0.038418  0.395375  0.000000 -0.000000 -0.568080 -0.139601 ) 
 (  0.586936 -0.390223 -0.000000  0.000000 -0.056855  0.000000 ) 
     freq (    6) =      10.819503 [THz] =     360.899776 [cm-1]
 (  0.430770  0.395778  0.000000 -0.000000  0.307978 -0.250892 ) 
 ( -0.047346  0.031478 -0.000000  0.000000 -0.704817  0.000000 ) 
 **************************************************************************
