Dynamical matrix file
Phonons on a uniform q-grid                                                
  1    2   2  10.2000000   0.0000000   0.0000000   0.0000000   0.0000000   0.0000000
           1  'Si  '    25598.3672898282     
    1    1      0.0000000000      0.0000000000      0.0000000000
    2    1      0.2500000000      0.2500000000      0.2500000000

     Dynamical  Matrix in cartesian axes

     q = (   -0.500000000  -1.000000000   0.000000000 ) 

    1    1
  0.11018511  -0.00000000    -0.00000000   0.00000000     0.00000000  -0.00000000
 -0.00000000  -0.00000000     0.13986643  -0.00000000     0.00000000   0.00942816
  0.00000000   0.00000000     0.00000000  -0.00942816     0.13986643  -0.00000000
    1    2
  0.00000000   0.00000000    -0.09721223   0.09721223    -0.09721223  -0.09721223
 -0.09721223   0.09721223     0.00000000   0.00000000     0.00000000  -0.00000000
 -0.09721223  -0.09721223     0.00000000  -0.00000000     0.00000000   0.00000000
    2    1
  0.00000000   0.00000000    -0.09721223  -0.09721223    -0.09721223   0.09721223
 -0.09721223  -0.09721223     0.00000000  -0.00000000     0.00000000   0.00000000
 -0.09721223   0.09721223     0.00000000   0.00000000     0.00000000  -0.00000000
    2    2
  0.11018511  -0.00000000    -0.00000000   0.00000000     0.00000000  -0.00000000
 -0.00000000   0.00000000     0.13986643   0.00000000     0.00000000  -0.00942816
  0.00000000  -0.00000000     0.00000000   0.00942816     0.13986643  -0.00000000

     Dynamical  Matrix in cartesian axes

     q = (    0.000000000   1.000000000   0.500000000 ) 

    1    1
  0.13986643   0.00000000    -0.00000000   0.00942816     0.00000000   0.00000000
 -0.00000000  -0.00942816     0.13986643   0.00000000     0.00000000   0.00000000
  0.00000000  -0.00000000    -0.00000000  -0.00000000     0.11018511  -0.00000000
    1    2
 -0.00000000   0.00000000    -0.00000000  -0.00000000    -0.09721223   0.09721223
 -0.00000000  -0.00000000    -0.00000000   0.00000000    -0.09721223  -0.09721223
 -0.09721223   0.09721223    -0.09721223  -0.09721223    -0.00000000   0.00000000
    2    1
 -0.00000000  -0.00000000    -0.00000000   0.00000000    -0.09721223  -0.09721223
 -0.00000000   0.00000000    -0.00000000  -0.00000000    -0.09721223   0.09721223
 -0.09721223  -0.09721223    -0.09721223   0.09721223    -0.00000000  -0.00000000
    2    2
  0.13986643   0.00000000    -0.00000000  -0.00942816     0.00000000   0.00000000
 -0.00000000   0.00942816     0.13986643  -0.00000000     0.00000000   0.00000000
  0.00000000   0.00000000    -0.00000000   0.00000000     0.11018511   0.00000000

     Dynamical  Matrix in cartesian axes

     q = (    0.000000000  -1.000000000  -0.500000000 ) 

    1    1
  0.13986643   0.00000000    -0.00000000  -0.00942816     0.00000000  -0.00000000
 -0.00000000   0.00942816     0.13986643   0.00000000     0.00000000  -0.00000000
  0.00000000   0.00000000    -0.00000000   0.00000000     0.11018511  -0.00000000
    1    2
  0.00000000   0.00000000    -0.00000000   0.00000000    -0.09721223  -0.09721223
  0.00000000   0.00000000    -0.00000000   0.00000000    -0.09721223   0.09721223
 -0.09721223  -0.09721223    -0.09721223   0.09721223     0.00000000  -0.00000000
    2    1
  0.00000000  -0.00000000    -0.00000000  -0.00000000    -0.09721223   0.09721223
  0.00000000  -0.00000000    -0.00000000  -0.00000000    -0.09721223  -0.09721223
 -0.09721223   0.09721223    -0.09721223  -0.09721223     0.00000000   0.00000000
    2    2
  0.13986643  -0.00000000    -0.00000000   0.00942816     0.00000000   0.00000000
 -0.00000000  -0.00942816     0.13986643   0.00000000     0.00000000  -0.00000000
  0.00000000  -0.00000000    -0.00000000  -0.00000000     0.11018511   0.00000000

     Dynamical  Matrix in cartesian axes

     q = (    0.500000000   1.000000000   0.000000000 ) 

    1    1
  0.11018511  -0.00000000    -0.00000000   0.00000000     0.00000000  -0.00000000
 -0.00000000   0.00000000     0.13986643   0.00000000     0.00000000  -0.00942816
  0.00000000  -0.00000000     0.00000000   0.00942816     0.13986643  -0.00000000
    1    2
  0.00000000   0.00000000    -0.09721223  -0.09721223    -0.09721223   0.09721223
 -0.09721223  -0.09721223     0.00000000  -0.00000000     0.00000000   0.00000000
 -0.09721223   0.09721223     0.00000000   0.00000000     0.00000000  -0.00000000
    2    1
  0.00000000   0.00000000    -0.09721223   0.09721223    -0.09721223  -0.09721223
 -0.09721223   0.09721223     0.00000000   0.00000000     0.00000000  -0.00000000
 -0.09721223  -0.09721223     0.00000000  -0.00000000     0.00000000   0.00000000
    2    2
  0.11018511  -0.00000000    -0.00000000   0.00000000     0.00000000  -0.00000000
 -0.00000000  -0.00000000     0.13986643  -0.00000000     0.00000000   0.00942816
  0.00000000   0.00000000     0.00000000  -0.00942816     0.13986643  -0.00000000

     Dynamical  Matrix in cartesian axes

     q = (   -1.000000000  -0.500000000   0.000000000 ) 

    1    1
  0.13986643   0.00000000    -0.00000000   0.00000000    -0.00000000   0.00942816
 -0.00000000  -0.00000000     0.11018511  -0.00000000     0.00000000   0.00000000
 -0.00000000  -0.00942816    -0.00000000   0.00000000     0.13986643  -0.00000000
    1    2
  0.00000000   0.00000000    -0.09721223   0.09721223     0.00000000   0.00000000
 -0.09721223   0.09721223    -0.00000000   0.00000000    -0.09721223  -0.09721223
  0.00000000   0.00000000    -0.09721223  -0.09721223     0.00000000   0.00000000
    2    1
  0.00000000   0.00000000    -0.09721223  -0.09721223     0.00000000   0.00000000
 -0.09721223  -0.09721223     0.00000000   0.00000000    -0.09721223   0.09721223
  0.00000000   0.00000000    -0.09721223   0.09721223     0.00000000   0.00000000
    2    2
  0.13986643  -0.00000000    -0.00000000  -0.00000000    -0.00000000  -0.00942816
 -0.00000000  -0.00000000     0.11018511  -0.00000000     0.00000000   0.00000000
 -0.00000000   0.00942816    -0.00000000  -0.00000000     0.13986643  -0.00000000

     Dynamical  Matrix in cartesian axes

     q = (    0.000000000  -0.500000000  -1.000000000 ) 

    1    1
  0.13986643   0.00000000    -0.00000000  -0.00000000    -0.00000000  -0.00942816
 -0.00000000   0.00000000     0.11018511  -0.00000000     0.00000000   0.00000000
 -0.00000000   0.00942816    -0.00000000  -0.00000000     0.13986643   0.00000000
    1    2
  0.00000000   0.00000000    -0.09721223  -0.09721223     0.00000000   0.00000000
 -0.09721223  -0.09721223     0.00000000   0.00000000    -0.09721223   0.09721223
  0.00000000   0.00000000    -0.09721223   0.09721223     0.00000000   0.00000000
    2    1
  0.00000000  -0.00000000    -0.09721223   0.09721223     0.00000000   0.00000000
 -0.09721223   0.09721223     0.00000000   0.00000000    -0.09721223  -0.09721223
  0.00000000  -0.00000000    -0.09721223  -0.09721223     0.00000000   0.00000000
    2    2
  0.13986643   0.00000000    -0.00000000   0.00000000    -0.00000000   0.00942816
 -0.00000000   0.00000000     0.11018511  -0.00000000     0.00000000   0.00000000
 -0.00000000  -0.00942816    -0.00000000  -0.00000000     0.13986643  -0.00000000

     Diagonalizing the dynamical matrix

     q = (   -0.500000000  -1.000000000   0.000000000 ) 

 **************************************************************************
     freq (    1) =      -5.607719 [THz] =    -187.053361 [cm-1]
 ( -0.048568 -0.048568 -0.475832  0.091950 -0.091950 -0.475832 ) 
 ( -0.598124 -0.404397 -0.000000 -0.046104 -0.046104  0.000000 ) 
     freq (    2) =      -5.607719 [THz] =    -187.053361 [cm-1]
 (  0.510534  0.510534 -0.045267  0.008747 -0.008747 -0.045267 ) 
 ( -0.056901 -0.038471  0.000000  0.484635  0.484635  0.000000 ) 
     freq (    3) =       7.944946 [THz] =     265.014863 [cm-1]
 ( -0.000000 -0.000000  0.685515 -0.137103 -0.137103 -0.685515 ) 
 (  0.000000  0.000000  0.000000  0.106169 -0.106169  0.000000 ) 
     freq (    4) =       7.944946 [THz] =     265.014863 [cm-1]
 (  0.000000  0.000000 -0.104108  0.020822  0.020822  0.104108 ) 
 (  0.000000 -0.000000  0.000000  0.699091 -0.699091  0.000000 ) 
     freq (    5) =      11.540482 [THz] =     384.949060 [cm-1]
 (  0.000245  0.000245 -0.263034  0.440246 -0.440246 -0.263034 ) 
 (  0.667603 -0.168222 -0.000000 -0.000258 -0.000258  0.000000 ) 
     freq (    6) =      11.540482 [THz] =     384.949060 [cm-1]
 (  0.486823  0.486823  0.000132 -0.000222  0.000222  0.000132 ) 
 ( -0.000336  0.000085 -0.000000 -0.512839 -0.512839  0.000000 ) 
 **************************************************************************
