Dynamical matrix file
Phonons on a uniform q-grid                                                
  1    2   2  10.2000000   0.0000000   0.0000000   0.0000000   0.0000000   0.0000000
           1  'Si  '    25598.3672898282     
    1    1      0.0000000000      0.0000000000      0.0000000000
    2    1      0.2500000000      0.2500000000      0.2500000000

     Dynamical  Matrix in cartesian axes

     q = (    0.500000000  -0.500000000   0.500000000 ) 

    1    1
  0.11984880   0.00000000     0.00731165   0.00000000    -0.00731165   0.00000000
  0.00731165   0.00000000     0.11984880   0.00000000     0.00731165   0.00000000
 -0.00731165   0.00000000     0.00731165   0.00000000     0.11984880   0.00000000
    1    2
 -0.06815341   0.00000000    -0.10273544   0.00000000     0.10273544   0.00000000
 -0.10273544   0.00000000    -0.06815341   0.00000000    -0.10273544   0.00000000
  0.10273544   0.00000000    -0.10273544   0.00000000    -0.06815341   0.00000000
    2    1
 -0.06815341   0.00000000    -0.10273544   0.00000000     0.10273544   0.00000000
 -0.10273544   0.00000000    -0.06815341   0.00000000    -0.10273544   0.00000000
  0.10273544   0.00000000    -0.10273544   0.00000000    -0.06815341   0.00000000
    2    2
  0.11984880   0.00000000     0.00731165   0.00000000    -0.00731165   0.00000000
  0.00731165   0.00000000     0.11984880   0.00000000     0.00731165   0.00000000
 -0.00731165   0.00000000     0.00731165   0.00000000     0.11984880   0.00000000

     Dynamical  Matrix in cartesian axes

     q = (    0.500000000   0.500000000   0.500000000 ) 

    1    1
  0.11984880   0.00000000    -0.00731165   0.00000000    -0.00731165   0.00000000
 -0.00731165   0.00000000     0.11984880   0.00000000    -0.00731165   0.00000000
 -0.00731165   0.00000000    -0.00731165   0.00000000     0.11984880   0.00000000
    1    2
  0.06815341   0.00000000    -0.10273544  -0.00000000    -0.10273544  -0.00000000
 -0.10273544  -0.00000000     0.06815341   0.00000000    -0.10273544  -0.00000000
 -0.10273544  -0.00000000    -0.10273544  -0.00000000     0.06815341   0.00000000
    2    1
  0.06815341  -0.00000000    -0.10273544   0.00000000    -0.10273544   0.00000000
 -0.10273544   0.00000000     0.06815341  -0.00000000    -0.10273544   0.00000000
 -0.10273544   0.00000000    -0.10273544   0.00000000     0.06815341  -0.00000000
    2    2
  0.11984880   0.00000000    -0.00731165   0.00000000    -0.00731165   0.00000000
 -0.00731165   0.00000000     0.11984880   0.00000000    -0.00731165   0.00000000
 -0.00731165   0.00000000    -0.00731165   0.00000000     0.11984880   0.00000000

     Dynamical  Matrix in cartesian axes

     q = (   -0.500000000   0.500000000   0.500000000 ) 

    1    1
  0.11984880   0.00000000     0.00731165   0.00000000     0.00731165   0.00000000
  0.00731165   0.00000000     0.11984880   0.00000000    -0.00731165   0.00000000
  0.00731165   0.00000000    -0.00731165   0.00000000     0.11984880   0.00000000
    1    2
 -0.06815341   0.00000000    -0.10273544   0.00000000    -0.10273544   0.00000000
 -0.10273544   0.00000000    -0.06815341   0.00000000     0.10273544   0.00000000
 -0.10273544   0.00000000     0.10273544   0.00000000    -0.06815341   0.00000000
    2    1
 -0.06815341   0.00000000    -0.10273544   0.00000000    -0.10273544   0.00000000
 -0.10273544   0.00000000    -0.06815341   0.00000000     0.10273544   0.00000000
 -0.10273544   0.00000000     0.10273544   0.00000000    -0.06815341   0.00000000
    2    2
  0.11984880   0.00000000     0.00731165   0.00000000     0.00731165   0.00000000
  0.00731165   0.00000000     0.11984880   0.00000000    -0.00731165   0.00000000
  0.00731165   0.00000000    -0.00731165   0.00000000     0.11984880   0.00000000

     Dynamical  Matrix in cartesian axes

     q = (    0.500000000   0.500000000  -0.500000000 ) 

    1    1
  0.11984880   0.00000000    -0.00731165   0.00000000     0.00731165   0.00000000
 -0.00731165   0.00000000     0.11984880   0.00000000     0.00731165   0.00000000
  0.00731165   0.00000000     0.00731165   0.00000000     0.11984880   0.00000000
    1    2
 -0.06815341   0.00000000     0.10273544   0.00000000    -0.10273544   0.00000000
  0.10273544   0.00000000    -0.06815341   0.00000000    -0.10273544   0.00000000
 -0.10273544   0.00000000    -0.10273544   0.00000000    -0.06815341   0.00000000
    2    1
 -0.06815341   0.00000000     0.10273544   0.00000000    -0.10273544   0.00000000
  0.10273544   0.00000000    -0.06815341   0.00000000    -0.10273544   0.00000000
 -0.10273544   0.00000000    -0.10273544   0.00000000    -0.06815341   0.00000000
    2    2
  0.11984880   0.00000000    -0.00731165   0.00000000     0.00731165   0.00000000
 -0.00731165   0.00000000     0.11984880   0.00000000     0.00731165   0.00000000
  0.00731165   0.00000000     0.00731165   0.00000000     0.11984880   0.00000000

     Diagonalizing the dynamical matrix

     q = (    0.500000000  -0.500000000   0.500000000 ) 

 **************************************************************************
     freq (    1) =      -4.299824 [THz] =    -143.426700 [cm-1]
 ( -0.287898  0.000000  0.289451  0.000000  0.577350  0.000000 ) 
 ( -0.287898  0.000000  0.289451  0.000000  0.577350  0.000000 ) 
     freq (    2) =      -4.299824 [THz] =    -143.426700 [cm-1]
 ( -0.500448  0.000000 -0.499551  0.000000  0.000897  0.000000 ) 
 ( -0.500448  0.000000 -0.499551  0.000000  0.000897  0.000000 ) 
     freq (    3) =      -3.683554 [THz] =    -122.870140 [cm-1]
 (  0.408248  0.000000 -0.408248  0.000000  0.408248  0.000000 ) 
 ( -0.408248  0.000000  0.408248  0.000000 -0.408248  0.000000 ) 
     freq (    4) =      10.126590 [THz] =     337.786692 [cm-1]
 ( -0.408248  0.000000  0.408248  0.000000 -0.408248  0.000000 ) 
 ( -0.408248  0.000000  0.408248  0.000000 -0.408248  0.000000 ) 
     freq (    5) =      11.225688 [THz] =     374.448633 [cm-1]
 (  0.193886  0.000000 -0.374020  0.000000 -0.567906  0.000000 ) 
 ( -0.193886  0.000000  0.374020  0.000000  0.567906  0.000000 ) 
     freq (    6) =      11.225688 [THz] =     374.448633 [cm-1]
 (  0.543821  0.000000  0.439821  0.000000 -0.104001  0.000000 ) 
 ( -0.543821  0.000000 -0.439821  0.000000  0.104001  0.000000 ) 
 **************************************************************************
