Dynamical matrix file
Phonons on a uniform q-grid                                                
  1    2   2  10.2000000   0.0000000   0.0000000   0.0000000   0.0000000   0.0000000
           1  'Si  '    25598.3672898282     
    1    1      0.0000000000      0.0000000000      0.0000000000
    2    1      0.2500000000      0.2500000000      0.2500000000

     Dynamical  Matrix in cartesian axes

     q = (    0.500000000   0.000000000   0.500000000 ) 

    1    1
  0.07187859   0.00000000     0.00000000   0.00079704    -0.03560462   0.00000000
  0.00000000  -0.00079704    -0.02071434   0.00000000     0.00000000  -0.00079704
 -0.03560462   0.00000000     0.00000000   0.00079704     0.07187859   0.00000000
    1    2
 -0.00000000   0.05183002    -0.04857261  -0.00000000     0.00000000  -0.09970205
 -0.04857261  -0.00000000     0.00000000   0.03804534    -0.04857261  -0.00000000
  0.00000000  -0.09970205    -0.04857261  -0.00000000    -0.00000000   0.05183002
    2    1
 -0.00000000  -0.05183002    -0.04857261   0.00000000     0.00000000   0.09970205
 -0.04857261   0.00000000     0.00000000  -0.03804534    -0.04857261   0.00000000
  0.00000000   0.09970205    -0.04857261   0.00000000    -0.00000000  -0.05183002
    2    2
  0.07187859   0.00000000     0.00000000  -0.00079704    -0.03560462   0.00000000
  0.00000000   0.00079704    -0.02071434   0.00000000     0.00000000   0.00079704
 -0.03560462   0.00000000     0.00000000  -0.00079704     0.07187859   0.00000000

     Dynamical  Matrix in cartesian axes

     q = (   -0.500000000   0.000000000   0.500000000 ) 

    1    1
  0.07187859   0.00000000     0.00000000   0.00079704     0.03560462   0.00000000
 -0.00000000  -0.00079704    -0.02071434   0.00000000     0.00000000   0.00079704
  0.03560462   0.00000000     0.00000000  -0.00079704     0.07187859   0.00000000
    1    2
 -0.05183002  -0.00000000    -0.00000000  -0.04857261    -0.09970205  -0.00000000
 -0.00000000  -0.04857261    -0.03804534   0.00000000     0.00000000   0.04857261
 -0.09970205  -0.00000000    -0.00000000   0.04857261    -0.05183002  -0.00000000
    2    1
 -0.05183002  -0.00000000    -0.00000000   0.04857261    -0.09970205   0.00000000
 -0.00000000   0.04857261    -0.03804534   0.00000000     0.00000000  -0.04857261
 -0.09970205   0.00000000    -0.00000000  -0.04857261    -0.05183002  -0.00000000
    2    2
  0.07187859   0.00000000     0.00000000  -0.00079704     0.03560462   0.00000000
  0.00000000   0.00079704    -0.02071434   0.00000000     0.00000000  -0.00079704
  0.03560462   0.00000000     0.00000000   0.00079704     0.07187859   0.00000000

     Dynamical  Matrix in cartesian axes

     q = (   -0.500000000   0.000000000  -0.500000000 ) 

    1    1
  0.07187859   0.00000000     0.00000000  -0.00079704    -0.03560462   0.00000000
  0.00000000   0.00079704    -0.02071434   0.00000000     0.00000000   0.00079704
 -0.03560462   0.00000000     0.00000000  -0.00079704     0.07187859   0.00000000
    1    2
 -0.00000000  -0.05183002    -0.04857261   0.00000000     0.00000000   0.09970205
 -0.04857261   0.00000000     0.00000000  -0.03804534    -0.04857261   0.00000000
  0.00000000   0.09970205    -0.04857261   0.00000000    -0.00000000  -0.05183002
    2    1
 -0.00000000   0.05183002    -0.04857261  -0.00000000     0.00000000  -0.09970205
 -0.04857261  -0.00000000    -0.00000000   0.03804534    -0.04857261  -0.00000000
  0.00000000  -0.09970205    -0.04857261  -0.00000000    -0.00000000   0.05183002
    2    2
  0.07187859   0.00000000     0.00000000   0.00079704    -0.03560462   0.00000000
  0.00000000  -0.00079704    -0.02071434   0.00000000     0.00000000  -0.00079704
 -0.03560462   0.00000000     0.00000000   0.00079704     0.07187859   0.00000000

     Dynamical  Matrix in cartesian axes

     q = (    0.500000000   0.000000000  -0.500000000 ) 

    1    1
  0.07187859   0.00000000     0.00000000  -0.00079704     0.03560462   0.00000000
 -0.00000000   0.00079704    -0.02071434   0.00000000     0.00000000  -0.00079704
  0.03560462   0.00000000     0.00000000   0.00079704     0.07187859   0.00000000
    1    2
 -0.05183002   0.00000000     0.00000000   0.04857261    -0.09970205   0.00000000
  0.00000000   0.04857261    -0.03804534   0.00000000     0.00000000  -0.04857261
 -0.09970205   0.00000000     0.00000000  -0.04857261    -0.05183002   0.00000000
    2    1
 -0.05183002  -0.00000000     0.00000000  -0.04857261    -0.09970205   0.00000000
  0.00000000  -0.04857261    -0.03804534  -0.00000000     0.00000000   0.04857261
 -0.09970205   0.00000000     0.00000000   0.04857261    -0.05183002  -0.00000000
    2    2
  0.07187859   0.00000000     0.00000000   0.00079704     0.03560462   0.00000000
  0.00000000  -0.00079704    -0.02071434   0.00000000     0.00000000   0.00079704
  0.03560462   0.00000000     0.00000000  -0.00079704     0.07187859   0.00000000

     Dynamical  Matrix in cartesian axes

     q = (    0.000000000   0.500000000  -0.500000000 ) 

    1    1
 -0.02071434   0.00000000     0.00000000   0.00079704     0.00000000  -0.00079704
  0.00000000  -0.00079704     0.07187859   0.00000000     0.03560462   0.00000000
  0.00000000   0.00079704     0.03560462   0.00000000     0.07187859   0.00000000
    1    2
 -0.03804534  -0.00000000     0.00000000   0.04857261    -0.00000000  -0.04857261
  0.00000000   0.04857261    -0.05183002  -0.00000000    -0.09970205   0.00000000
 -0.00000000  -0.04857261    -0.09970205   0.00000000    -0.05183002  -0.00000000
    2    1
 -0.03804534  -0.00000000     0.00000000  -0.04857261    -0.00000000   0.04857261
  0.00000000  -0.04857261    -0.05183002  -0.00000000    -0.09970205   0.00000000
 -0.00000000   0.04857261    -0.09970205   0.00000000    -0.05183002  -0.00000000
    2    2
 -0.02071434   0.00000000     0.00000000  -0.00079704     0.00000000   0.00079704
  0.00000000   0.00079704     0.07187859   0.00000000     0.03560462   0.00000000
  0.00000000  -0.00079704     0.03560462   0.00000000     0.07187859   0.00000000

     Dynamical  Matrix in cartesian axes

     q = (   -0.500000000   0.500000000   0.000000000 ) 

    1    1
  0.07187859   0.00000000     0.03560462   0.00000000     0.00000000   0.00079704
  0.03560462   0.00000000     0.07187859   0.00000000     0.00000000  -0.00079704
  0.00000000  -0.00079704     0.00000000   0.00079704    -0.02071434   0.00000000
    1    2
 -0.05183002  -0.00000000    -0.09970205   0.00000000     0.00000000  -0.04857261
 -0.09970205   0.00000000    -0.05183002  -0.00000000     0.00000000   0.04857261
  0.00000000  -0.04857261    -0.00000000   0.04857261    -0.03804534  -0.00000000
    2    1
 -0.05183002  -0.00000000    -0.09970205   0.00000000     0.00000000   0.04857261
 -0.09970205   0.00000000    -0.05183002  -0.00000000     0.00000000  -0.04857261
  0.00000000   0.04857261    -0.00000000  -0.04857261    -0.03804534  -0.00000000
    2    2
  0.07187859   0.00000000     0.03560462   0.00000000     0.00000000  -0.00079704
  0.03560462   0.00000000     0.07187859   0.00000000     0.00000000   0.00079704
  0.00000000   0.00079704     0.00000000  -0.00079704    -0.02071434   0.00000000

     Dynamical  Matrix in cartesian axes

     q = (    0.000000000   0.500000000   0.500000000 ) 

    1    1
 -0.02071434   0.00000000     0.00000000  -0.00079704     0.00000000  -0.00079704
  0.00000000   0.00079704     0.07187859   0.00000000    -0.03560462   0.00000000
  0.00000000   0.00079704    -0.03560462   0.00000000     0.07187859   0.00000000
    1    2
  0.00000000   0.03804534    -0.04857261   0.00000000    -0.04857261   0.00000000
 -0.04857261  -0.00000000    -0.00000000   0.05183002     0.00000000  -0.09970205
 -0.04857261   0.00000000     0.00000000  -0.09970205    -0.00000000   0.05183002
    2    1
 -0.00000000  -0.03804534    -0.04857261  -0.00000000    -0.04857261  -0.00000000
 -0.04857261   0.00000000     0.00000000  -0.05183002     0.00000000   0.09970205
 -0.04857261  -0.00000000     0.00000000   0.09970205     0.00000000  -0.05183002
    2    2
 -0.02071434   0.00000000     0.00000000   0.00079704     0.00000000   0.00079704
  0.00000000  -0.00079704     0.07187859   0.00000000    -0.03560462   0.00000000
  0.00000000  -0.00079704    -0.03560462   0.00000000     0.07187859   0.00000000

     Dynamical  Matrix in cartesian axes

     q = (    0.000000000  -0.500000000  -0.500000000 ) 

    1    1
 -0.02071434   0.00000000     0.00000000   0.00079704     0.00000000   0.00079704
  0.00000000  -0.00079704     0.07187859   0.00000000    -0.03560462   0.00000000
  0.00000000  -0.00079704    -0.03560462   0.00000000     0.07187859   0.00000000
    1    2
  0.00000000  -0.03804534    -0.04857261   0.00000000    -0.04857261   0.00000000
 -0.04857261   0.00000000     0.00000000  -0.05183002     0.00000000   0.09970205
 -0.04857261   0.00000000     0.00000000   0.09970205     0.00000000  -0.05183002
    2    1
  0.00000000   0.03804534    -0.04857261  -0.00000000    -0.04857261  -0.00000000
 -0.04857261  -0.00000000    -0.00000000   0.05183002     0.00000000  -0.09970205
 -0.04857261  -0.00000000     0.00000000  -0.09970205    -0.00000000   0.05183002
    2    2
 -0.02071434   0.00000000     0.00000000  -0.00079704     0.00000000  -0.00079704
 -0.00000000   0.00079704     0.07187859   0.00000000    -0.03560462   0.00000000
  0.00000000   0.00079704    -0.03560462   0.00000000     0.07187859   0.00000000

     Dynamical  Matrix in cartesian axes

     q = (    0.500000000   0.500000000   0.000000000 ) 

    1    1
  0.07187859   0.00000000    -0.03560462   0.00000000     0.00000000   0.00079704
 -0.03560462   0.00000000     0.07187859   0.00000000     0.00000000   0.00079704
  0.00000000  -0.00079704    -0.00000000  -0.00079704    -0.02071434   0.00000000
    1    2
 -0.00000000   0.05183002     0.00000000  -0.09970205    -0.04857261   0.00000000
  0.00000000  -0.09970205    -0.00000000   0.05183002    -0.04857261   0.00000000
 -0.04857261   0.00000000    -0.04857261   0.00000000    -0.00000000   0.03804534
    2    1
 -0.00000000  -0.05183002     0.00000000   0.09970205    -0.04857261   0.00000000
  0.00000000   0.09970205    -0.00000000  -0.05183002    -0.04857261   0.00000000
 -0.04857261   0.00000000    -0.04857261   0.00000000    -0.00000000  -0.03804534
    2    2
  0.07187859   0.00000000    -0.03560462   0.00000000     0.00000000  -0.00079704
 -0.03560462   0.00000000     0.07187859   0.00000000     0.00000000  -0.00079704
  0.00000000   0.00079704    -0.00000000   0.00079704    -0.02071434   0.00000000

     Dynamical  Matrix in cartesian axes

     q = (    0.500000000  -0.500000000   0.000000000 ) 

    1    1
  0.07187859   0.00000000     0.03560462   0.00000000     0.00000000  -0.00079704
  0.03560462   0.00000000     0.07187859   0.00000000     0.00000000   0.00079704
  0.00000000   0.00079704     0.00000000  -0.00079704    -0.02071434   0.00000000
    1    2
 -0.05183002  -0.00000000    -0.09970205   0.00000000     0.00000000   0.04857261
 -0.09970205   0.00000000    -0.05183002   0.00000000     0.00000000  -0.04857261
  0.00000000   0.04857261     0.00000000  -0.04857261    -0.03804534  -0.00000000
    2    1
 -0.05183002  -0.00000000    -0.09970205  -0.00000000     0.00000000  -0.04857261
 -0.09970205  -0.00000000    -0.05183002  -0.00000000     0.00000000   0.04857261
  0.00000000  -0.04857261     0.00000000   0.04857261    -0.03804534  -0.00000000
    2    2
  0.07187859   0.00000000     0.03560462   0.00000000     0.00000000   0.00079704
  0.03560462   0.00000000     0.07187859   0.00000000     0.00000000  -0.00079704
 -0.00000000  -0.00079704     0.00000000   0.00079704    -0.02071434   0.00000000

     Dynamical  Matrix in cartesian axes

     q = (   -0.500000000  -0.500000000   0.000000000 ) 

    1    1
  0.07187859   0.00000000    -0.03560462   0.00000000     0.00000000  -0.00079704
 -0.03560462   0.00000000     0.07187859   0.00000000     0.00000000  -0.00079704
  0.00000000   0.00079704    -0.00000000   0.00079704    -0.02071434   0.00000000
    1    2
 -0.00000000  -0.05183002     0.00000000   0.09970205    -0.04857261   0.00000000
  0.00000000   0.09970205    -0.00000000  -0.05183002    -0.04857261   0.00000000
 -0.04857261   0.00000000    -0.04857261   0.00000000    -0.00000000  -0.03804534
    2    1
 -0.00000000   0.05183002     0.00000000  -0.09970205    -0.04857261   0.00000000
  0.00000000  -0.09970205    -0.00000000   0.05183002    -0.04857261   0.00000000
 -0.04857261   0.00000000    -0.04857261   0.00000000    -0.00000000   0.03804534
    2    2
  0.07187859   0.00000000    -0.03560462   0.00000000     0.00000000   0.00079704
 -0.03560462   0.00000000     0.07187859   0.00000000     0.00000000   0.00079704
  0.00000000  -0.00079704    -0.00000000  -0.00079704    -0.02071434   0.00000000

     Dynamical  Matrix in cartesian axes

     q = (    0.000000000  -0.500000000   0.500000000 ) 

    1    1
 -0.02071434   0.00000000     0.00000000  -0.00079704     0.00000000   0.00079704
  0.00000000   0.00079704     0.07187859   0.00000000     0.03560462   0.00000000
  0.00000000  -0.00079704     0.03560462   0.00000000     0.07187859   0.00000000
    1    2
 -0.03804534  -0.00000000     0.00000000  -0.04857261    -0.00000000   0.04857261
  0.00000000  -0.04857261    -0.05183002  -0.00000000    -0.09970205   0.00000000
 -0.00000000   0.04857261    -0.09970205   0.00000000    -0.05183002  -0.00000000
    2    1
 -0.03804534  -0.00000000     0.00000000   0.04857261    -0.00000000  -0.04857261
  0.00000000   0.04857261    -0.05183002  -0.00000000    -0.09970205   0.00000000
 -0.00000000  -0.04857261    -0.09970205   0.00000000    -0.05183002  -0.00000000
    2    2
 -0.02071434   0.00000000     0.00000000   0.00079704     0.00000000  -0.00079704
  0.00000000  -0.00079704     0.07187859   0.00000000     0.03560462   0.00000000
  0.00000000   0.00079704     0.03560462   0.00000000     0.07187859   0.00000000

     Diagonalizing the dynamical matrix

     q = (    0.500000000   0.000000000   0.500000000 ) 

 **************************************************************************
     freq (    1) =      -6.717900 [THz] =    -224.085011 [cm-1]
 ( -0.000000 -0.289500 -0.576524  0.000000 -0.000000 -0.289500 ) 
 ( -0.289500  0.000000 -0.000000 -0.576524 -0.289500  0.000000 ) 
     freq (    2) =      -4.315551 [THz] =    -143.951283 [cm-1]
 ( -0.000000  0.500000  0.000000 -0.000000 -0.000000 -0.500000 ) 
 ( -0.500000  0.000000 -0.000000 -0.000000  0.500000  0.000000 ) 
     freq (    3) =      -3.357473 [THz] =    -111.993255 [cm-1]
 ( -0.000000  0.266547 -0.598252 -0.000000 -0.000000  0.266547 ) 
 ( -0.266547 -0.000000 -0.000000  0.598252 -0.266547  0.000000 ) 
     freq (    4) =       3.922082 [THz] =     130.826575 [cm-1]
 ( -0.000000  0.407664 -0.409415  0.000000 -0.000000  0.407664 ) 
 (  0.407664 -0.000000 -0.000000 -0.409415  0.407664  0.000000 ) 
     freq (    5) =       7.360528 [THz] =     245.520799 [cm-1]
 (  0.000000 -0.423028 -0.376955 -0.000000  0.000000 -0.423028 ) 
 (  0.423028 -0.000000 -0.000000  0.376955  0.423028  0.000000 ) 
     freq (    6) =      10.464816 [THz] =     349.068687 [cm-1]
 ( -0.000000 -0.500000 -0.000000 -0.000000 -0.000000  0.500000 ) 
 ( -0.500000  0.000000  0.000000  0.000000  0.500000  0.000000 ) 
 **************************************************************************
