Dynamical matrix file
Phonons on a uniform q-grid                                                
  1    2   2  10.2000000   0.0000000   0.0000000   0.0000000   0.0000000   0.0000000
           1  'Si  '    25598.3672898282     
    1    1      0.0000000000      0.0000000000      0.0000000000
    2    1      0.2500000000      0.2500000000      0.2500000000

     Dynamical  Matrix in cartesian axes

     q = (    0.000000000  -1.000000000   0.000000000 ) 

    1    1
  0.36594267   0.00000000     0.00000000   0.00000000    -0.00000000   0.00000000
  0.00000000   0.00000000     0.86750579   0.00000000     0.00000000   0.00000000
 -0.00000000   0.00000000     0.00000000   0.00000000     0.36594267   0.00000000
    1    2
  0.00000000   0.00000000     0.00000000   0.00000000    -0.04595259   0.00000000
  0.00000000   0.00000000     0.00000000   0.00000000    -0.00000000  -0.00000000
 -0.04595259   0.00000000    -0.00000000  -0.00000000     0.00000000   0.00000000
    2    1
  0.00000000  -0.00000000     0.00000000  -0.00000000    -0.04595259  -0.00000000
  0.00000000  -0.00000000     0.00000000  -0.00000000    -0.00000000   0.00000000
 -0.04595259  -0.00000000    -0.00000000   0.00000000     0.00000000  -0.00000000
    2    2
  0.36594267   0.00000000     0.00000000   0.00000000    -0.00000000   0.00000000
  0.00000000   0.00000000     0.86750579   0.00000000     0.00000000   0.00000000
 -0.00000000   0.00000000    -0.00000000   0.00000000     0.36594267   0.00000000

     Dynamical  Matrix in cartesian axes

     q = (   -1.000000000   0.000000000   0.000000000 ) 

    1    1
  0.86750579   0.00000000     0.00000000   0.00000000     0.00000000   0.00000000
 -0.00000000   0.00000000     0.36594267   0.00000000     0.00000000   0.00000000
  0.00000000   0.00000000     0.00000000   0.00000000     0.36594267   0.00000000
    1    2
 -0.00000000   0.00000000     0.00000000  -0.00000000    -0.00000000   0.00000000
 -0.00000000   0.00000000    -0.00000000   0.00000000    -0.04595259   0.00000000
 -0.00000000  -0.00000000    -0.04595259   0.00000000    -0.00000000   0.00000000
    2    1
 -0.00000000  -0.00000000    -0.00000000   0.00000000    -0.00000000   0.00000000
 -0.00000000   0.00000000    -0.00000000  -0.00000000    -0.04595259  -0.00000000
 -0.00000000  -0.00000000    -0.04595259  -0.00000000     0.00000000  -0.00000000
    2    2
  0.86750579   0.00000000     0.00000000   0.00000000    -0.00000000   0.00000000
  0.00000000   0.00000000     0.36594267   0.00000000     0.00000000   0.00000000
  0.00000000   0.00000000     0.00000000   0.00000000     0.36594267   0.00000000

     Dynamical  Matrix in cartesian axes

     q = (    0.000000000   0.000000000  -1.000000000 ) 

    1    1
  0.36594267   0.00000000    -0.00000000   0.00000000    -0.00000000   0.00000000
 -0.00000000   0.00000000     0.36594267   0.00000000    -0.00000000   0.00000000
  0.00000000   0.00000000    -0.00000000   0.00000000     0.86750579   0.00000000
    1    2
  0.00000000   0.00000000    -0.04595259   0.00000000     0.00000000   0.00000000
 -0.04595259   0.00000000     0.00000000   0.00000000    -0.00000000  -0.00000000
  0.00000000   0.00000000     0.00000000  -0.00000000     0.00000000   0.00000000
    2    1
  0.00000000  -0.00000000    -0.04595259  -0.00000000     0.00000000  -0.00000000
 -0.04595259  -0.00000000    -0.00000000  -0.00000000     0.00000000   0.00000000
  0.00000000  -0.00000000    -0.00000000   0.00000000     0.00000000  -0.00000000
    2    2
  0.36594267   0.00000000    -0.00000000   0.00000000     0.00000000   0.00000000
 -0.00000000   0.00000000     0.36594267   0.00000000     0.00000000   0.00000000
  0.00000000   0.00000000     0.00000000   0.00000000     0.86750579   0.00000000

     Diagonalizing the dynamical matrix

     q = (    0.000000000  -1.000000000   0.000000000 ) 

 **************************************************************************
     freq (    1) =      11.631538 [THz] =     387.986360 [cm-1]
 ( -0.540519  0.000000  0.000000  0.000000  0.455894  0.000000 ) 
 (  0.455894  0.000000  0.000000  0.000000 -0.540519  0.000000 ) 
     freq (    2) =      11.631538 [THz] =     387.986360 [cm-1]
 (  0.455894  0.000000 -0.000000  0.000000  0.540519  0.000000 ) 
 (  0.540519  0.000000  0.000000  0.000000  0.455894  0.000000 ) 
     freq (    3) =      13.196608 [THz] =     440.191447 [cm-1]
 ( -0.662672  0.000000  0.000000  0.000000  0.246709  0.000000 ) 
 ( -0.246709  0.000000 -0.000000  0.000000  0.662672  0.000000 ) 
     freq (    4) =      13.196608 [THz] =     440.191447 [cm-1]
 (  0.246709  0.000000  0.000000  0.000000  0.662672  0.000000 ) 
 ( -0.662672  0.000000 -0.000000  0.000000 -0.246709  0.000000 ) 
     freq (    5) =      19.151601 [THz] =     638.828656 [cm-1]
 (  0.000000  0.000000 -0.047486  0.000000  0.000000  0.000000 ) 
 ( -0.000000  0.000000  0.998872  0.000000  0.000000  0.000000 ) 
     freq (    6) =      19.151601 [THz] =     638.828656 [cm-1]
 ( -0.000000  0.000000 -0.998872  0.000000  0.000000  0.000000 ) 
 ( -0.000000  0.000000 -0.047486  0.000000  0.000000  0.000000 ) 
 **************************************************************************
