Dynamical matrix file
Phonons on a uniform q-grid                                                
  1    2   2  10.2000000   0.0000000   0.0000000   0.0000000   0.0000000   0.0000000
           1  'Si  '    25598.3672898282     
    1    1      0.0000000000      0.0000000000      0.0000000000
    2    1      0.2500000000      0.2500000000      0.2500000000

     Dynamical  Matrix in cartesian axes

     q = (    0.000000000   0.000000000   0.000000000 ) 

    1    1
  0.11974208   0.00000000     0.00000000   0.00000000    -0.00000000   0.00000000
  0.00000000   0.00000000     0.11974208   0.00000000    -0.00000000   0.00000000
 -0.00000000   0.00000000    -0.00000000   0.00000000     0.11974208   0.00000000
    1    2
 -0.11864154   0.00000000    -0.00000000   0.00000000    -0.00000000   0.00000000
 -0.00000000   0.00000000    -0.11864154   0.00000000     0.00000000   0.00000000
 -0.00000000   0.00000000     0.00000000   0.00000000    -0.11864154   0.00000000
    2    1
 -0.11864154   0.00000000    -0.00000000   0.00000000    -0.00000000   0.00000000
 -0.00000000   0.00000000    -0.11864154   0.00000000     0.00000000   0.00000000
 -0.00000000   0.00000000     0.00000000   0.00000000    -0.11864154   0.00000000
    2    2
  0.11974208   0.00000000     0.00000000   0.00000000    -0.00000000   0.00000000
  0.00000000   0.00000000     0.11974208   0.00000000    -0.00000000   0.00000000
 -0.00000000   0.00000000    -0.00000000   0.00000000     0.11974208   0.00000000

     Dielectric Tensor:

         17.542926789222          0.000000000000         -0.000000000000
         -0.000000000000         17.542926789222         -0.000000000000
          0.000000000000         -0.000000000000         17.542926789222

     Effective Charges E-U: Z_{alpha}{s,beta}

     atom #    1
          1.280871905467          0.000000000000          0.000000000000
          0.000000000000          1.280871905467          0.000000000000
          0.000000000000          0.000000000000          1.280871905467
     atom #    2
          1.280871905467         -0.000000000000         -0.000000000000
          0.000000000000          1.280871905467          0.000000000000
         -0.000000000000         -0.000000000000          1.280871905467

     Effective Charges U-E: Z_{s,alpha}{beta}

     atom #    1
      0.128532144967E+01      0.888178419700E-15      0.177635683940E-14
      0.122124532709E-14      0.128532144967E+01     -0.333066907388E-15
      0.111022302463E-14     -0.111022302463E-14      0.128532144967E+01
     atom #    2
      0.128532144967E+01      0.177635683940E-14      0.888178419700E-15
      0.777156117238E-15      0.128532144967E+01     -0.166533453694E-14
      0.177635683940E-14      0.000000000000E+00      0.128532144967E+01

     Diagonalizing the dynamical matrix

     q = (    0.000000000   0.000000000   0.000000000 ) 

 **************************************************************************
     freq (    1) =       0.682138 [THz] =      22.753676 [cm-1]
 (  0.285204  0.000000 -0.448155  0.000000  0.466708  0.000000 ) 
 (  0.285204  0.000000 -0.448155  0.000000  0.466708  0.000000 ) 
     freq (    2) =       0.682138 [THz] =      22.753676 [cm-1]
 (  0.646435  0.000000  0.219374  0.000000 -0.184381  0.000000 ) 
 (  0.646435  0.000000  0.219374  0.000000 -0.184381  0.000000 ) 
     freq (    3) =       0.682138 [THz] =      22.753676 [cm-1]
 (  0.027934  0.000000 -0.501031  0.000000 -0.498184  0.000000 ) 
 (  0.027934  0.000000 -0.501031  0.000000 -0.498184  0.000000 ) 
     freq (    4) =      10.039385 [THz] =     334.877834 [cm-1]
 (  0.467543  0.000000 -0.152431  0.000000 -0.508102  0.000000 ) 
 ( -0.467543  0.000000  0.152431  0.000000  0.508102  0.000000 ) 
     freq (    5) =      10.039385 [THz] =     334.877834 [cm-1]
 (  0.516831  0.000000  0.283512  0.000000  0.390521  0.000000 ) 
 ( -0.516831  0.000000 -0.283512  0.000000 -0.390521  0.000000 ) 
     freq (    6) =      10.039385 [THz] =     334.877834 [cm-1]
 ( -0.119537  0.000000  0.629591  0.000000 -0.298874  0.000000 ) 
 (  0.119537  0.000000 -0.629591  0.000000  0.298874  0.000000 ) 
 **************************************************************************
