Dynamical matrix file
default                                                                    
  2    3   0   1.8897261   0.0000000   0.0000000   0.0000000   0.0000000   0.0000000
Basis vectors
     10.000000000    0.000000000    0.000000000
      0.000000000   10.000000000    0.000000000
      0.000000000    0.000000000   10.000000000
           1  'O   '    14582.5610231926     
           2  'C   '    10947.0833707051     
    1    1      6.1619624629      5.0000000000      5.0000000000
    2    1      3.8380375371      5.0000000000      5.0000000000
    3    2      5.0000000430      5.0000000000      5.0000000000

     Dynamical  Matrix in cartesian axes

     q = (    0.000000000   0.000000000   0.000000000 ) 

    1    1
  2.06042047   0.00000000     0.00000000   0.00000000     0.00000000   0.00000000
  0.00000000   0.00000000     0.08783090   0.00000000     0.00000000   0.00000000
  0.00000000   0.00000000     0.00000000   0.00000000     0.08783090   0.00000000
    1    2
 -0.13575224   0.00000000     0.00000000   0.00000000     0.00000000   0.00000000
  0.00000000   0.00000000     0.06354277   0.00000000     0.00000000   0.00000000
  0.00000000   0.00000000     0.00000000   0.00000000     0.06354277   0.00000000
    1    3
 -1.90073048   0.00000000     0.00000000   0.00000000     0.00000000   0.00000000
  0.00000000   0.00000000    -0.16597918   0.00000000    -0.00000000   0.00000000
  0.00000000   0.00000000     0.00000000   0.00000000    -0.16597918   0.00000000
    2    1
 -0.13575224   0.00000000     0.00000000   0.00000000     0.00000000   0.00000000
  0.00000000   0.00000000     0.06354277   0.00000000     0.00000000   0.00000000
  0.00000000   0.00000000     0.00000000   0.00000000     0.06354277   0.00000000
    2    2
  2.06042047   0.00000000     0.00000000   0.00000000     0.00000000   0.00000000
  0.00000000   0.00000000     0.08783090   0.00000000     0.00000000   0.00000000
  0.00000000   0.00000000     0.00000000   0.00000000     0.08783090   0.00000000
    2    3
 -1.90073048   0.00000000     0.00000000   0.00000000     0.00000000   0.00000000
  0.00000000   0.00000000    -0.16597918   0.00000000     0.00000000   0.00000000
  0.00000000   0.00000000    -0.00000000   0.00000000    -0.16597918   0.00000000
    3    1
 -1.90073048   0.00000000     0.00000000   0.00000000     0.00000000   0.00000000
  0.00000000   0.00000000    -0.16597918   0.00000000     0.00000000   0.00000000
  0.00000000   0.00000000    -0.00000000   0.00000000    -0.16597918   0.00000000
    3    2
 -1.90073048   0.00000000     0.00000000   0.00000000     0.00000000   0.00000000
  0.00000000   0.00000000    -0.16597918   0.00000000    -0.00000000   0.00000000
  0.00000000   0.00000000     0.00000000   0.00000000    -0.16597918   0.00000000
    3    3
  3.82894389   0.00000000     0.00000000   0.00000000     0.00000000   0.00000000
  0.00000000   0.00000000     0.22085614   0.00000000     0.00000000   0.00000000
  0.00000000   0.00000000     0.00000000   0.00000000     0.22085614   0.00000000

     Dielectric Tensor:

          1.050704316555          0.000000000000          0.000000000000
          0.000000000000          1.024780952587          0.000000000000
          0.000000000000          0.000000000000          1.024780952587

     Effective Charges E-U: Z_{alpha}{s,beta}

     atom #    1
         -1.126430804374          0.000000000000          0.000000000000
          0.000000000000         -0.230555318110          0.000000000000
          0.000000000000          0.000000000000         -0.230555318110
     atom #    2
         -1.126430804374          0.000000000000          0.000000000000
          0.000000000000         -0.230555318110          0.000000000000
          0.000000000000          0.000000000000         -0.230555318110
     atom #    3
          2.267161201689          0.000000000000          0.000000000000
          0.000000000000          0.471326349399          0.000000000000
          0.000000000000          0.000000000000          0.471326349399

     Effective Charges U-E: Z_{s,alpha}{beta}

     atom #    1
     -0.111160797656E+01      0.000000000000E+00      0.000000000000E+00
      0.000000000000E+00     -0.228665761350E+00      0.000000000000E+00
      0.661744490043E-25      0.000000000000E+00     -0.228665761350E+00
     atom #    2
     -0.111160797656E+01      0.000000000000E+00      0.000000000000E+00
      0.000000000000E+00     -0.228665761350E+00      0.000000000000E+00
     -0.661744490043E-25      0.000000000000E+00     -0.228665761350E+00
     atom #    3
      0.228660983530E+01      0.000000000000E+00      0.000000000000E+00
      0.000000000000E+00      0.442022016605E+00      0.000000000000E+00
      0.000000000000E+00      0.000000000000E+00      0.442022016605E+00

     Diagonalizing the dynamical matrix

     q = (    0.000000000   0.000000000   0.000000000 ) 

 **************************************************************************
     freq (    1) =      -6.526084 [THz] =    -217.686717 [cm-1]
 (  0.000000  0.000000  0.528377  0.000000  0.000000  0.000000 ) 
 (  0.000000  0.000000  0.528377  0.000000 -0.000000  0.000000 ) 
 (  0.000000  0.000000  0.664557  0.000000  0.000000  0.000000 ) 
     freq (    2) =      -6.526084 [THz] =    -217.686717 [cm-1]
 (  0.000000  0.000000  0.000000  0.000000 -0.528377  0.000000 ) 
 (  0.000000  0.000000 -0.000000  0.000000 -0.528377  0.000000 ) 
 (  0.000000  0.000000  0.000000  0.000000 -0.664557  0.000000 ) 
     freq (    3) =       4.245758 [THz] =     141.623248 [cm-1]
 ( -0.000000  0.000000  0.096047  0.000000 -0.700553  0.000000 ) 
 ( -0.000000  0.000000 -0.096047  0.000000  0.700553  0.000000 ) 
 ( -0.000000  0.000000  0.000000  0.000000  0.000000  0.000000 ) 
     freq (    4) =       4.245758 [THz] =     141.623248 [cm-1]
 ( -0.000000  0.000000 -0.700553  0.000000 -0.096047  0.000000 ) 
 ( -0.000000  0.000000  0.700553  0.000000  0.096047  0.000000 ) 
 ( -0.000000  0.000000  0.000000  0.000000  0.000000  0.000000 ) 
     freq (    5) =       4.508857 [THz] =     150.399270 [cm-1]
 ( -0.577700  0.000000  0.000000  0.000000  0.000000  0.000000 ) 
 ( -0.577700  0.000000 -0.000000  0.000000 -0.000000  0.000000 ) 
 ( -0.576650  0.000000  0.000000  0.000000  0.000000  0.000000 ) 
     freq (    6) =      19.320768 [THz] =     644.471453 [cm-1]
 ( -0.000000  0.000000 -0.392626  0.000000  0.000000  0.000000 ) 
 ( -0.000000  0.000000 -0.392626  0.000000  0.000000  0.000000 ) 
 (  0.000000  0.000000  0.831679  0.000000  0.000000  0.000000 ) 
     freq (    7) =      19.320768 [THz] =     644.471453 [cm-1]
 (  0.000000  0.000000  0.000000  0.000000 -0.392626  0.000000 ) 
 (  0.000000  0.000000 -0.000000  0.000000 -0.392626  0.000000 ) 
 (  0.000000  0.000000  0.000000  0.000000  0.831679  0.000000 ) 
     freq (    8) =      40.373033 [THz] =    1346.699429 [cm-1]
 ( -0.707107  0.000000 -0.000000  0.000000  0.000000  0.000000 ) 
 (  0.707107  0.000000  0.000000  0.000000 -0.000000  0.000000 ) 
 (  0.000000  0.000000 -0.000000  0.000000  0.000000  0.000000 ) 
     freq (    9) =      72.067385 [THz] =    2403.909222 [cm-1]
 ( -0.331064  0.000000  0.000000  0.000000  0.000000  0.000000 ) 
 ( -0.331064  0.000000  0.000000  0.000000 -0.000000  0.000000 ) 
 (  0.883625  0.000000  0.000000  0.000000  0.000000  0.000000 ) 
 **************************************************************************
