Dynamical matrix file
Phonons on a uniform q-grid                                                
  1    2   2  10.2000000   0.0000000   0.0000000   0.0000000   0.0000000   0.0000000
           1  'Si  '    25598.3672898282     
    1    1      0.0000000000      0.0000000000      0.0000000000
    2    1      0.2500000000      0.2500000000      0.2500000000

     Dynamical  Matrix in cartesian axes

     q = (    0.500000000  -0.500000000   0.500000000 ) 

    1    1
  0.30129698   0.00000000    -0.02224783   0.00000000     0.02224783   0.00000000
 -0.02224783   0.00000000     0.30129698   0.00000000    -0.02224783   0.00000000
  0.02224783   0.00000000    -0.02224783   0.00000000     0.30129698   0.00000000
    1    2
 -0.16176511   0.00000000    -0.09637106   0.00000000     0.09637106   0.00000000
 -0.09637106   0.00000000    -0.16176511   0.00000000    -0.09637106   0.00000000
  0.09637106   0.00000000    -0.09637106   0.00000000    -0.16176511   0.00000000
    2    1
 -0.16176511   0.00000000    -0.09637106   0.00000000     0.09637106   0.00000000
 -0.09637106   0.00000000    -0.16176511   0.00000000    -0.09637106   0.00000000
  0.09637106   0.00000000    -0.09637106   0.00000000    -0.16176511   0.00000000
    2    2
  0.30129698   0.00000000    -0.02224783   0.00000000     0.02224783   0.00000000
 -0.02224783   0.00000000     0.30129698   0.00000000    -0.02224783   0.00000000
  0.02224783   0.00000000    -0.02224783   0.00000000     0.30129698   0.00000000

     Dynamical  Matrix in cartesian axes

     q = (    0.500000000   0.500000000  -0.500000000 ) 

    1    1
  0.30129698   0.00000000     0.02224783   0.00000000    -0.02224783   0.00000000
  0.02224783   0.00000000     0.30129698   0.00000000    -0.02224783   0.00000000
 -0.02224783   0.00000000    -0.02224783   0.00000000     0.30129698   0.00000000
    1    2
 -0.16176511   0.00000000     0.09637106   0.00000000    -0.09637106   0.00000000
  0.09637106   0.00000000    -0.16176511   0.00000000    -0.09637106   0.00000000
 -0.09637106   0.00000000    -0.09637106   0.00000000    -0.16176511   0.00000000
    2    1
 -0.16176511   0.00000000     0.09637106   0.00000000    -0.09637106   0.00000000
  0.09637106   0.00000000    -0.16176511   0.00000000    -0.09637106   0.00000000
 -0.09637106   0.00000000    -0.09637106   0.00000000    -0.16176511   0.00000000
    2    2
  0.30129698   0.00000000     0.02224783   0.00000000    -0.02224783   0.00000000
  0.02224783   0.00000000     0.30129698   0.00000000    -0.02224783   0.00000000
 -0.02224783   0.00000000    -0.02224783   0.00000000     0.30129698   0.00000000

     Dynamical  Matrix in cartesian axes

     q = (   -0.500000000  -0.500000000  -0.500000000 ) 

    1    1
  0.30129698   0.00000000     0.02224783   0.00000000     0.02224783   0.00000000
  0.02224783   0.00000000     0.30129698   0.00000000     0.02224783   0.00000000
  0.02224783   0.00000000     0.02224783   0.00000000     0.30129698   0.00000000
    1    2
  0.16176511  -0.00000000    -0.09637106   0.00000000    -0.09637106   0.00000000
 -0.09637106   0.00000000     0.16176511  -0.00000000    -0.09637106   0.00000000
 -0.09637106   0.00000000    -0.09637106   0.00000000     0.16176511  -0.00000000
    2    1
  0.16176511   0.00000000    -0.09637106  -0.00000000    -0.09637106  -0.00000000
 -0.09637106  -0.00000000     0.16176511   0.00000000    -0.09637106  -0.00000000
 -0.09637106  -0.00000000    -0.09637106  -0.00000000     0.16176511   0.00000000
    2    2
  0.30129698   0.00000000     0.02224783   0.00000000     0.02224783   0.00000000
  0.02224783   0.00000000     0.30129698   0.00000000     0.02224783   0.00000000
  0.02224783   0.00000000     0.02224783   0.00000000     0.30129698   0.00000000

     Dynamical  Matrix in cartesian axes

     q = (    0.500000000  -0.500000000  -0.500000000 ) 

    1    1
  0.30129698   0.00000000    -0.02224783   0.00000000    -0.02224783   0.00000000
 -0.02224783   0.00000000     0.30129698   0.00000000     0.02224783   0.00000000
 -0.02224783   0.00000000     0.02224783   0.00000000     0.30129698   0.00000000
    1    2
 -0.16176511   0.00000000    -0.09637106   0.00000000    -0.09637106   0.00000000
 -0.09637106   0.00000000    -0.16176511   0.00000000     0.09637106   0.00000000
 -0.09637106   0.00000000     0.09637106   0.00000000    -0.16176511   0.00000000
    2    1
 -0.16176511   0.00000000    -0.09637106   0.00000000    -0.09637106   0.00000000
 -0.09637106   0.00000000    -0.16176511   0.00000000     0.09637106   0.00000000
 -0.09637106   0.00000000     0.09637106   0.00000000    -0.16176511   0.00000000
    2    2
  0.30129698   0.00000000    -0.02224783   0.00000000    -0.02224783   0.00000000
 -0.02224783   0.00000000     0.30129698   0.00000000     0.02224783   0.00000000
 -0.02224783   0.00000000     0.02224783   0.00000000     0.30129698   0.00000000

     Diagonalizing the dynamical matrix

     q = (    0.500000000  -0.500000000   0.500000000 ) 

 **************************************************************************
     freq (    1) =       2.973561 [THz] =      99.187323 [cm-1]
 ( -0.401357  0.000000  0.158744  0.000000  0.560101  0.000000 ) 
 ( -0.401357  0.000000  0.158744  0.000000  0.560101  0.000000 ) 
     freq (    2) =       2.973561 [THz] =      99.187323 [cm-1]
 (  0.415025  0.000000  0.555098  0.000000  0.140073  0.000000 ) 
 (  0.415025  0.000000  0.555098  0.000000  0.140073  0.000000 ) 
     freq (    3) =      11.537110 [THz] =     384.836575 [cm-1]
 ( -0.408248  0.000000  0.408248  0.000000 -0.408248  0.000000 ) 
 (  0.408248  0.000000 -0.408248  0.000000  0.408248  0.000000 ) 
     freq (    4) =      12.621380 [THz] =     421.003926 [cm-1]
 ( -0.408248  0.000000  0.408248  0.000000 -0.408248  0.000000 ) 
 ( -0.408248  0.000000  0.408248  0.000000 -0.408248  0.000000 ) 
     freq (    5) =      15.070615 [THz] =     502.701601 [cm-1]
 (  0.276953  0.000000 -0.300241  0.000000 -0.577194  0.000000 ) 
 ( -0.276953  0.000000  0.300241  0.000000  0.577194  0.000000 ) 
     freq (    6) =      15.070615 [THz] =     502.701601 [cm-1]
 ( -0.506587  0.000000 -0.493142  0.000000  0.013446  0.000000 ) 
 (  0.506587  0.000000  0.493142  0.000000 -0.013446  0.000000 ) 
 **************************************************************************
