Dynamical matrix file
Phonons on a uniform q-grid                                                
  1    2   2  10.2000000   0.0000000   0.0000000   0.0000000   0.0000000   0.0000000
           1  'Si  '    25598.3672898282     
    1    1      0.0000000000      0.0000000000      0.0000000000
    2    1      0.2500000000      0.2500000000      0.2500000000

     Dynamical  Matrix in cartesian axes

     q = (    0.000000000  -1.000000000   0.000000000 ) 

    1    1
  0.25463280   0.00000000     0.00000000   0.00000000     0.00000000   0.00000000
  0.00000000   0.00000000     0.36604999   0.00000000     0.00000000   0.00000000
  0.00000000   0.00000000     0.00000000   0.00000000     0.25463280   0.00000000
    1    2
 -0.00000000   0.00000000    -0.00000000   0.00000000    -0.21879785   0.00000000
  0.00000000  -0.00000000     0.00000000   0.00000000    -0.00000000   0.00000000
 -0.21879785   0.00000000    -0.00000000  -0.00000000     0.00000000  -0.00000000
    2    1
  0.00000000  -0.00000000     0.00000000   0.00000000    -0.21879785  -0.00000000
  0.00000000   0.00000000     0.00000000  -0.00000000     0.00000000   0.00000000
 -0.21879785  -0.00000000     0.00000000   0.00000000     0.00000000  -0.00000000
    2    2
  0.25463280   0.00000000     0.00000000   0.00000000     0.00000000   0.00000000
  0.00000000   0.00000000     0.36604999   0.00000000    -0.00000000   0.00000000
  0.00000000   0.00000000     0.00000000   0.00000000     0.25463280   0.00000000

     Dynamical  Matrix in cartesian axes

     q = (   -1.000000000   0.000000000   0.000000000 ) 

    1    1
  0.36604999   0.00000000     0.00000000   0.00000000     0.00000000   0.00000000
  0.00000000   0.00000000     0.25463280   0.00000000    -0.00000000   0.00000000
  0.00000000   0.00000000    -0.00000000   0.00000000     0.25463280   0.00000000
    1    2
  0.00000000  -0.00000000     0.00000000  -0.00000000     0.00000000  -0.00000000
  0.00000000  -0.00000000     0.00000000  -0.00000000    -0.21879785   0.00000000
  0.00000000  -0.00000000    -0.21879785   0.00000000     0.00000000  -0.00000000
    2    1
  0.00000000  -0.00000000     0.00000000  -0.00000000     0.00000000  -0.00000000
  0.00000000  -0.00000000     0.00000000  -0.00000000    -0.21879785  -0.00000000
  0.00000000  -0.00000000    -0.21879785  -0.00000000     0.00000000  -0.00000000
    2    2
  0.36604999   0.00000000     0.00000000   0.00000000    -0.00000000   0.00000000
  0.00000000   0.00000000     0.25463280   0.00000000    -0.00000000   0.00000000
  0.00000000   0.00000000    -0.00000000   0.00000000     0.25463280   0.00000000

     Dynamical  Matrix in cartesian axes

     q = (    0.000000000   0.000000000   1.000000000 ) 

    1    1
  0.25463280   0.00000000     0.00000000   0.00000000    -0.00000000   0.00000000
  0.00000000   0.00000000     0.25463280   0.00000000    -0.00000000   0.00000000
  0.00000000   0.00000000     0.00000000   0.00000000     0.36604999   0.00000000
    1    2
  0.00000000   0.00000000    -0.21879785  -0.00000000     0.00000000   0.00000000
 -0.21879785  -0.00000000     0.00000000   0.00000000     0.00000000   0.00000000
  0.00000000   0.00000000     0.00000000   0.00000000     0.00000000   0.00000000
    2    1
  0.00000000   0.00000000    -0.21879785   0.00000000     0.00000000   0.00000000
 -0.21879785   0.00000000     0.00000000  -0.00000000     0.00000000   0.00000000
  0.00000000   0.00000000     0.00000000   0.00000000     0.00000000   0.00000000
    2    2
  0.25463280   0.00000000     0.00000000   0.00000000    -0.00000000   0.00000000
  0.00000000   0.00000000     0.25463280   0.00000000     0.00000000   0.00000000
  0.00000000   0.00000000     0.00000000   0.00000000     0.36604999   0.00000000

     Diagonalizing the dynamical matrix

     q = (    0.000000000  -1.000000000   0.000000000 ) 

 **************************************************************************
     freq (    1) =       3.892443 [THz] =     129.837937 [cm-1]
 ( -0.707107  0.000000 -0.000000  0.000000 -0.000000  0.000000 ) 
 (  0.000000  0.000000  0.000000  0.000000 -0.707107  0.000000 ) 
     freq (    2) =       3.892443 [THz] =     129.837937 [cm-1]
 ( -0.000000  0.000000  0.000000  0.000000 -0.707107  0.000000 ) 
 ( -0.707107  0.000000 -0.000000  0.000000  0.000000  0.000000 ) 
     freq (    3) =      12.440536 [THz] =     414.971622 [cm-1]
 (  0.000000  0.000000  0.943360  0.000000 -0.000000  0.000000 ) 
 (  0.000000  0.000000 -0.331771  0.000000  0.000000  0.000000 ) 
     freq (    4) =      12.440536 [THz] =     414.971622 [cm-1]
 (  0.000000  0.000000 -0.331771  0.000000 -0.000000  0.000000 ) 
 (  0.000000  0.000000 -0.943360  0.000000  0.000000  0.000000 ) 
     freq (    5) =      14.148066 [THz] =     471.928699 [cm-1]
 (  0.707107  0.000000  0.000000  0.000000  0.000000  0.000000 ) 
 ( -0.000000  0.000000  0.000000  0.000000 -0.707107  0.000000 ) 
     freq (    6) =      14.148066 [THz] =     471.928699 [cm-1]
 ( -0.000000  0.000000  0.000000  0.000000  0.707107  0.000000 ) 
 ( -0.707107  0.000000 -0.000000  0.000000  0.000000  0.000000 ) 
 **************************************************************************
