Dynamical matrix file
Phonons on a uniform q-grid                                                
  1    2   2  10.2000000   0.0000000   0.0000000   0.0000000   0.0000000   0.0000000
           1  'Si  '    25598.3672898282     
    1    1      0.0000000000      0.0000000000      0.0000000000
    2    1      0.2500000000      0.2500000000      0.2500000000

     Dynamical  Matrix in cartesian axes

     q = (    0.000000000   0.000000000   0.000000000 ) 

    1    1
  0.30111575   0.00000000    -0.00000000   0.00000000     0.00000000   0.00000000
  0.00000000   0.00000000     0.30111575   0.00000000    -0.00000000   0.00000000
  0.00000000   0.00000000    -0.00000000   0.00000000     0.30111575   0.00000000
    1    2
 -0.30112431   0.00000000     0.00000000   0.00000000     0.00000000   0.00000000
  0.00000000   0.00000000    -0.30112431   0.00000000    -0.00000000   0.00000000
  0.00000000   0.00000000    -0.00000000   0.00000000    -0.30112431   0.00000000
    2    1
 -0.30112431   0.00000000     0.00000000   0.00000000     0.00000000   0.00000000
  0.00000000   0.00000000    -0.30112431   0.00000000    -0.00000000   0.00000000
  0.00000000   0.00000000    -0.00000000   0.00000000    -0.30112431   0.00000000
    2    2
  0.30111575   0.00000000     0.00000000   0.00000000     0.00000000   0.00000000
  0.00000000   0.00000000     0.30111575   0.00000000    -0.00000000   0.00000000
  0.00000000   0.00000000    -0.00000000   0.00000000     0.30111575   0.00000000

     Dielectric Tensor:

         23.283373490814          0.000000000000          0.000000000000
          0.000000000000         23.283373490814         -0.000000000000
         -0.000000000000         -0.000000000000         23.283373490814

     Effective Charges E-U: Z_{alpha}{s,beta}

     atom #    1
         -1.167111076759          0.000000000000          0.000000000000
          0.000000000000         -1.167111076759         -0.000000000000
         -0.000000000000         -0.000000000000         -1.167111076759
     atom #    2
         -1.167111076759          0.000000000000          0.000000000000
          0.000000000000         -1.167111076759         -0.000000000000
          0.000000000000         -0.000000000000         -1.167111076759

     Effective Charges U-E: Z_{s,alpha}{beta}

     atom #    1
     -0.116725029091E+01     -0.266453525910E-14     -0.266453525910E-14
     -0.222044604925E-14     -0.116725029091E+01      0.444089209850E-15
     -0.310862446895E-14     -0.444089209850E-15     -0.116725029091E+01
     atom #    2
     -0.116725029091E+01      0.888178419700E-15     -0.888178419700E-15
      0.133226762955E-14     -0.116725029091E+01     -0.310862446895E-14
     -0.444089209850E-15     -0.310862446895E-14     -0.116725029091E+01

     Diagonalizing the dynamical matrix

     q = (    0.000000000   0.000000000   0.000000000 ) 

 **************************************************************************
     freq (    1) =      -0.060164 [THz] =      -2.006851 [cm-1]
 (  0.276864  0.000000  0.620617  0.000000 -0.195399  0.000000 ) 
 (  0.276864  0.000000  0.620617  0.000000 -0.195399  0.000000 ) 
     freq (    2) =      -0.060164 [THz] =      -2.006851 [cm-1]
 ( -0.478444  0.000000  0.050276  0.000000 -0.518231  0.000000 ) 
 ( -0.478444  0.000000  0.050276  0.000000 -0.518231  0.000000 ) 
     freq (    3) =      -0.060164 [THz] =      -2.006851 [cm-1]
 (  0.440951  0.000000 -0.335122  0.000000 -0.439609  0.000000 ) 
 (  0.440951  0.000000 -0.335122  0.000000 -0.439609  0.000000 ) 
     freq (    4) =      15.957091 [THz] =     532.271260 [cm-1]
 (  0.000000  0.000000 -0.000000  0.000000 -0.707107  0.000000 ) 
 ( -0.000000  0.000000 -0.000000  0.000000  0.707107  0.000000 ) 
     freq (    5) =      15.957091 [THz] =     532.271260 [cm-1]
 (  0.616323  0.000000 -0.346620  0.000000  0.000000  0.000000 ) 
 ( -0.616323  0.000000  0.346620  0.000000  0.000000  0.000000 ) 
     freq (    6) =      15.957091 [THz] =     532.271260 [cm-1]
 (  0.346620  0.000000  0.616323  0.000000  0.000000  0.000000 ) 
 ( -0.346620  0.000000 -0.616323  0.000000  0.000000  0.000000 ) 
 **************************************************************************
