Dynamical matrix file
Phonons on a uniform q-grid                                                
  1    2   2  10.2000000   0.0000000   0.0000000   0.0000000   0.0000000   0.0000000
           1  'Si  '    25598.3672898282     
    1    1      0.0000000000      0.0000000000      0.0000000000
    2    1      0.2500000000      0.2500000000      0.2500000000

     Dynamical  Matrix in cartesian axes

     q = (    0.000000000   0.500000000   0.000000000 ) 

    1    1
  0.27237169   0.00000000     0.00000000   0.00000000     0.00000000   0.00000000
  0.00000000   0.00000000     0.34071656   0.00000000    -0.00000000   0.00000000
  0.00000000   0.00000000    -0.00000000   0.00000000     0.27237169   0.00000000
    1    2
 -0.13858843   0.13858843    -0.00000000   0.00000000    -0.09689807  -0.09689807
 -0.00000000   0.00000000    -0.14993248   0.14993248    -0.00000000   0.00000000
 -0.09689807  -0.09689807    -0.00000000   0.00000000    -0.13858843   0.13858843
    2    1
 -0.13858843  -0.13858843     0.00000000  -0.00000000    -0.09689807   0.09689807
  0.00000000  -0.00000000    -0.14993248  -0.14993248     0.00000000  -0.00000000
 -0.09689807   0.09689807     0.00000000  -0.00000000    -0.13858843  -0.13858843
    2    2
  0.27237169   0.00000000     0.00000000   0.00000000     0.00000000   0.00000000
  0.00000000   0.00000000     0.34071656   0.00000000     0.00000000   0.00000000
  0.00000000   0.00000000     0.00000000   0.00000000     0.27237169   0.00000000

     Dynamical  Matrix in cartesian axes

     q = (    0.000000000  -0.500000000   0.000000000 ) 

    1    1
  0.27237169   0.00000000     0.00000000   0.00000000     0.00000000   0.00000000
  0.00000000   0.00000000     0.34071656   0.00000000     0.00000000   0.00000000
  0.00000000   0.00000000     0.00000000   0.00000000     0.27237169   0.00000000
    1    2
 -0.13858843  -0.13858843     0.00000000   0.00000000    -0.09689807   0.09689807
  0.00000000  -0.00000000    -0.14993248  -0.14993248     0.00000000  -0.00000000
 -0.09689807   0.09689807     0.00000000  -0.00000000    -0.13858843  -0.13858843
    2    1
 -0.13858843   0.13858843    -0.00000000   0.00000000    -0.09689807  -0.09689807
 -0.00000000   0.00000000    -0.14993248   0.14993248    -0.00000000   0.00000000
 -0.09689807  -0.09689807    -0.00000000   0.00000000    -0.13858843   0.13858843
    2    2
  0.27237169   0.00000000     0.00000000   0.00000000     0.00000000   0.00000000
  0.00000000   0.00000000     0.34071656   0.00000000     0.00000000   0.00000000
  0.00000000   0.00000000     0.00000000   0.00000000     0.27237169   0.00000000

     Dynamical  Matrix in cartesian axes

     q = (    0.500000000   0.000000000   0.000000000 ) 

    1    1
  0.34071656   0.00000000     0.00000000   0.00000000    -0.00000000   0.00000000
 -0.00000000   0.00000000     0.27237169   0.00000000    -0.00000000   0.00000000
 -0.00000000   0.00000000    -0.00000000   0.00000000     0.27237169   0.00000000
    1    2
 -0.14993248   0.14993248    -0.00000000   0.00000000     0.00000000  -0.00000000
 -0.00000000  -0.00000000    -0.13858843   0.13858843    -0.09689807  -0.09689807
  0.00000000  -0.00000000    -0.09689807  -0.09689807    -0.13858843   0.13858843
    2    1
 -0.14993248  -0.14993248     0.00000000  -0.00000000     0.00000000   0.00000000
  0.00000000   0.00000000    -0.13858843  -0.13858843    -0.09689807   0.09689807
  0.00000000   0.00000000    -0.09689807   0.09689807    -0.13858843  -0.13858843
    2    2
  0.34071656   0.00000000    -0.00000000   0.00000000     0.00000000   0.00000000
  0.00000000   0.00000000     0.27237169   0.00000000    -0.00000000   0.00000000
 -0.00000000   0.00000000    -0.00000000   0.00000000     0.27237169   0.00000000

     Dynamical  Matrix in cartesian axes

     q = (    0.000000000   0.000000000   0.500000000 ) 

    1    1
  0.27237169   0.00000000     0.00000000   0.00000000     0.00000000   0.00000000
  0.00000000   0.00000000     0.27237169   0.00000000     0.00000000   0.00000000
  0.00000000   0.00000000    -0.00000000   0.00000000     0.34071656   0.00000000
    1    2
 -0.13858843   0.13858843    -0.09689807  -0.09689807     0.00000000  -0.00000000
 -0.09689807  -0.09689807    -0.13858843   0.13858843     0.00000000  -0.00000000
  0.00000000   0.00000000     0.00000000  -0.00000000    -0.14993248   0.14993248
    2    1
 -0.13858843  -0.13858843    -0.09689807   0.09689807     0.00000000   0.00000000
 -0.09689807   0.09689807    -0.13858843  -0.13858843     0.00000000  -0.00000000
  0.00000000   0.00000000    -0.00000000   0.00000000    -0.14993248  -0.14993248
    2    2
  0.27237169   0.00000000     0.00000000   0.00000000     0.00000000   0.00000000
  0.00000000   0.00000000     0.27237169   0.00000000     0.00000000   0.00000000
  0.00000000   0.00000000     0.00000000   0.00000000     0.34071656   0.00000000

     Dynamical  Matrix in cartesian axes

     q = (    0.000000000   0.000000000  -0.500000000 ) 

    1    1
  0.27237169   0.00000000     0.00000000   0.00000000     0.00000000   0.00000000
  0.00000000   0.00000000     0.27237169   0.00000000     0.00000000   0.00000000
  0.00000000   0.00000000    -0.00000000   0.00000000     0.34071656   0.00000000
    1    2
 -0.13858843  -0.13858843    -0.09689807   0.09689807    -0.00000000  -0.00000000
 -0.09689807   0.09689807    -0.13858843  -0.13858843    -0.00000000  -0.00000000
 -0.00000000  -0.00000000    -0.00000000  -0.00000000    -0.14993248  -0.14993248
    2    1
 -0.13858843   0.13858843    -0.09689807  -0.09689807    -0.00000000  -0.00000000
 -0.09689807  -0.09689807    -0.13858843   0.13858843    -0.00000000   0.00000000
  0.00000000  -0.00000000    -0.00000000  -0.00000000    -0.14993248   0.14993248
    2    2
  0.27237169   0.00000000     0.00000000   0.00000000     0.00000000   0.00000000
  0.00000000   0.00000000     0.27237169   0.00000000     0.00000000   0.00000000
  0.00000000   0.00000000     0.00000000   0.00000000     0.34071656   0.00000000

     Dynamical  Matrix in cartesian axes

     q = (   -0.500000000   0.000000000   0.000000000 ) 

    1    1
  0.34071656   0.00000000    -0.00000000   0.00000000     0.00000000   0.00000000
 -0.00000000   0.00000000     0.27237169   0.00000000    -0.00000000   0.00000000
  0.00000000   0.00000000    -0.00000000   0.00000000     0.27237169   0.00000000
    1    2
 -0.14993248  -0.14993248     0.00000000   0.00000000    -0.00000000   0.00000000
  0.00000000   0.00000000    -0.13858843  -0.13858843    -0.09689807   0.09689807
  0.00000000   0.00000000    -0.09689807   0.09689807    -0.13858843  -0.13858843
    2    1
 -0.14993248   0.14993248     0.00000000   0.00000000     0.00000000   0.00000000
  0.00000000  -0.00000000    -0.13858843   0.13858843    -0.09689807  -0.09689807
  0.00000000  -0.00000000    -0.09689807  -0.09689807    -0.13858843   0.13858843
    2    2
  0.34071656   0.00000000    -0.00000000   0.00000000    -0.00000000   0.00000000
 -0.00000000   0.00000000     0.27237169   0.00000000    -0.00000000   0.00000000
 -0.00000000   0.00000000    -0.00000000   0.00000000     0.27237169   0.00000000

     Diagonalizing the dynamical matrix

     q = (    0.000000000   0.500000000   0.000000000 ) 

 **************************************************************************
     freq (    1) =       3.747917 [THz] =     125.017051 [cm-1]
 (  0.411571  0.205683 -0.000000  0.000000 -0.300812  0.444765 ) 
 (  0.177641  0.659796 -0.000000  0.000000 -0.181969  0.000000 ) 
     freq (    2) =       3.747917 [THz] =     125.017051 [cm-1]
 (  0.406098  0.351267  0.000000 -0.000000  0.343946 -0.305609 ) 
 (  0.047308  0.175712  0.000000  0.000000  0.683291  0.000000 ) 
     freq (    3) =       7.376060 [THz] =     246.038885 [cm-1]
 ( -0.000000 -0.000000  0.523115 -0.475764 -0.000000  0.000000 ) 
 ( -0.000000  0.000000  0.706314  0.033482 -0.000000  0.000000 ) 
     freq (    4) =      14.706193 [THz] =     490.545803 [cm-1]
 (  0.344563 -0.329254  0.000000  0.000000  0.520069 -0.048950 ) 
 ( -0.581370  0.221683 -0.000000 -0.000000 -0.335954  0.000000 ) 
     freq (    5) =      14.706193 [THz] =     490.545803 [cm-1]
 (  0.139557  0.503381 -0.000000  0.000000  0.184883 -0.439261 ) 
 (  0.313908 -0.119697  0.000000  0.000000 -0.622201  0.000000 ) 
     freq (    6) =      15.287431 [THz] =     509.933792 [cm-1]
 ( -0.000000  0.000000  0.702266  0.082595 -0.000000  0.000000 ) 
 (  0.000000 -0.000000 -0.438174 -0.554981  0.000000  0.000000 ) 
 **************************************************************************
