Dynamical matrix file
Phonons on a uniform q-grid                                                
  1    2   2  10.2000000   0.0000000   0.0000000   0.0000000   0.0000000   0.0000000
           1  'Si  '    25598.3672898282     
    1    1      0.0000000000      0.0000000000      0.0000000000
    2    1      0.2500000000      0.2500000000      0.2500000000

     Dynamical  Matrix in cartesian axes

     q = (   -0.500000000  -1.000000000   0.000000000 ) 

    1    1
  0.25920322   0.00000000     0.00000000   0.00000000     0.00000000   0.00000000
  0.00000000   0.00000000     0.29833384   0.00000000     0.00000000  -0.01790656
  0.00000000   0.00000000     0.00000000   0.01790656     0.29833384   0.00000000
    1    2
  0.00000000  -0.00000000    -0.09657445   0.09657445    -0.09657445  -0.09657445
 -0.09657445   0.09657445     0.00000000  -0.00000000     0.00000000   0.00000000
 -0.09657445  -0.09657445    -0.00000000   0.00000000     0.00000000  -0.00000000
    2    1
  0.00000000  -0.00000000    -0.09657445  -0.09657445    -0.09657445   0.09657445
 -0.09657445  -0.09657445    -0.00000000   0.00000000     0.00000000   0.00000000
 -0.09657445   0.09657445    -0.00000000   0.00000000     0.00000000   0.00000000
    2    2
  0.25920322   0.00000000     0.00000000   0.00000000     0.00000000   0.00000000
  0.00000000   0.00000000     0.29833384   0.00000000     0.00000000   0.01790656
  0.00000000   0.00000000     0.00000000  -0.01790656     0.29833384   0.00000000

     Dynamical  Matrix in cartesian axes

     q = (    0.000000000   1.000000000   0.500000000 ) 

    1    1
  0.29833384   0.00000000    -0.00000000  -0.01790656     0.00000000   0.00000000
 -0.00000000   0.01790656     0.29833384   0.00000000     0.00000000   0.00000000
 -0.00000000   0.00000000    -0.00000000   0.00000000     0.25920322   0.00000000
    1    2
  0.00000000   0.00000000    -0.00000000   0.00000000    -0.09657445   0.09657445
  0.00000000  -0.00000000    -0.00000000  -0.00000000    -0.09657445  -0.09657445
 -0.09657445   0.09657445    -0.09657445  -0.09657445    -0.00000000  -0.00000000
    2    1
  0.00000000  -0.00000000    -0.00000000   0.00000000    -0.09657445  -0.09657445
  0.00000000   0.00000000    -0.00000000   0.00000000    -0.09657445   0.09657445
 -0.09657445  -0.09657445    -0.09657445   0.09657445    -0.00000000  -0.00000000
    2    2
  0.29833384   0.00000000    -0.00000000   0.01790656     0.00000000   0.00000000
 -0.00000000  -0.01790656     0.29833384   0.00000000     0.00000000   0.00000000
 -0.00000000   0.00000000    -0.00000000  -0.00000000     0.25920322   0.00000000

     Dynamical  Matrix in cartesian axes

     q = (    0.000000000  -1.000000000  -0.500000000 ) 

    1    1
  0.29833384   0.00000000    -0.00000000   0.01790656     0.00000000   0.00000000
 -0.00000000  -0.01790656     0.29833384   0.00000000    -0.00000000   0.00000000
  0.00000000   0.00000000    -0.00000000  -0.00000000     0.25920322   0.00000000
    1    2
  0.00000000   0.00000000     0.00000000   0.00000000    -0.09657445  -0.09657445
  0.00000000   0.00000000     0.00000000   0.00000000    -0.09657445   0.09657445
 -0.09657445  -0.09657445    -0.09657445   0.09657445     0.00000000   0.00000000
    2    1
  0.00000000   0.00000000    -0.00000000   0.00000000    -0.09657445   0.09657445
  0.00000000  -0.00000000    -0.00000000   0.00000000    -0.09657445  -0.09657445
 -0.09657445   0.09657445    -0.09657445  -0.09657445    -0.00000000   0.00000000
    2    2
  0.29833384   0.00000000    -0.00000000  -0.01790656     0.00000000   0.00000000
 -0.00000000   0.01790656     0.29833384   0.00000000    -0.00000000   0.00000000
  0.00000000   0.00000000    -0.00000000   0.00000000     0.25920322   0.00000000

     Dynamical  Matrix in cartesian axes

     q = (    0.500000000   1.000000000   0.000000000 ) 

    1    1
  0.25920322   0.00000000     0.00000000   0.00000000     0.00000000   0.00000000
  0.00000000   0.00000000     0.29833384   0.00000000     0.00000000   0.01790656
  0.00000000   0.00000000     0.00000000  -0.01790656     0.29833384   0.00000000
    1    2
 -0.00000000  -0.00000000    -0.09657445  -0.09657445    -0.09657445   0.09657445
 -0.09657445  -0.09657445     0.00000000   0.00000000     0.00000000  -0.00000000
 -0.09657445   0.09657445    -0.00000000  -0.00000000     0.00000000   0.00000000
    2    1
  0.00000000   0.00000000    -0.09657445   0.09657445    -0.09657445  -0.09657445
 -0.09657445   0.09657445    -0.00000000   0.00000000     0.00000000   0.00000000
 -0.09657445  -0.09657445     0.00000000   0.00000000    -0.00000000   0.00000000
    2    2
  0.25920322   0.00000000     0.00000000   0.00000000     0.00000000   0.00000000
  0.00000000   0.00000000     0.29833384   0.00000000     0.00000000  -0.01790656
  0.00000000   0.00000000     0.00000000   0.01790656     0.29833384   0.00000000

     Dynamical  Matrix in cartesian axes

     q = (   -1.000000000  -0.500000000   0.000000000 ) 

    1    1
  0.29833384   0.00000000     0.00000000   0.00000000    -0.00000000  -0.01790656
  0.00000000   0.00000000     0.25920322   0.00000000    -0.00000000  -0.00000000
 -0.00000000   0.01790656     0.00000000   0.00000000     0.29833384   0.00000000
    1    2
  0.00000000   0.00000000    -0.09657445   0.09657445     0.00000000   0.00000000
 -0.09657445   0.09657445     0.00000000  -0.00000000    -0.09657445  -0.09657445
  0.00000000  -0.00000000    -0.09657445  -0.09657445     0.00000000  -0.00000000
    2    1
  0.00000000   0.00000000    -0.09657445  -0.09657445     0.00000000   0.00000000
 -0.09657445  -0.09657445     0.00000000  -0.00000000    -0.09657445   0.09657445
  0.00000000   0.00000000    -0.09657445   0.09657445     0.00000000   0.00000000
    2    2
  0.29833384   0.00000000     0.00000000   0.00000000    -0.00000000   0.01790656
  0.00000000   0.00000000     0.25920322   0.00000000     0.00000000   0.00000000
 -0.00000000  -0.01790656     0.00000000   0.00000000     0.29833384   0.00000000

     Dynamical  Matrix in cartesian axes

     q = (    0.000000000  -0.500000000  -1.000000000 ) 

    1    1
  0.29833384   0.00000000     0.00000000   0.00000000    -0.00000000   0.01790656
  0.00000000   0.00000000     0.25920322   0.00000000    -0.00000000   0.00000000
 -0.00000000  -0.01790656     0.00000000   0.00000000     0.29833384   0.00000000
    1    2
  0.00000000   0.00000000    -0.09657445  -0.09657445     0.00000000   0.00000000
 -0.09657445  -0.09657445     0.00000000   0.00000000    -0.09657445   0.09657445
  0.00000000   0.00000000    -0.09657445   0.09657445     0.00000000   0.00000000
    2    1
  0.00000000   0.00000000    -0.09657445   0.09657445     0.00000000   0.00000000
 -0.09657445   0.09657445    -0.00000000   0.00000000    -0.09657445  -0.09657445
  0.00000000   0.00000000    -0.09657445  -0.09657445     0.00000000   0.00000000
    2    2
  0.29833384   0.00000000     0.00000000   0.00000000    -0.00000000  -0.01790656
  0.00000000   0.00000000     0.25920322   0.00000000     0.00000000  -0.00000000
  0.00000000   0.01790656     0.00000000   0.00000000     0.29833384   0.00000000

     Diagonalizing the dynamical matrix

     q = (   -0.500000000  -1.000000000   0.000000000 ) 

 **************************************************************************
     freq (    1) =       6.253025 [THz] =     208.578462 [cm-1]
 (  0.225542  0.225542  0.389534  0.154414 -0.154414  0.389534 ) 
 (  0.272386  0.630160  0.000000  0.194686  0.194686  0.000000 ) 
     freq (    2) =       6.253025 [THz] =     208.578462 [cm-1]
 ( -0.485435 -0.485435  0.180985  0.071743 -0.071743  0.180985 ) 
 (  0.126555  0.292784 -0.000000 -0.419023 -0.419023  0.000000 ) 
     freq (    3) =      10.888775 [THz] =     363.210445 [cm-1]
 ( -0.000000 -0.000000  0.169193  0.676772  0.676772 -0.169193 ) 
 ( -0.000000  0.000000 -0.000000 -0.115557  0.115557  0.000000 ) 
     freq (    4) =      10.888775 [THz] =     363.210445 [cm-1]
 ( -0.000000 -0.000000 -0.028027 -0.112107 -0.112107  0.028027 ) 
 (  0.000000  0.000000 -0.000000 -0.697601  0.697601  0.000000 ) 
     freq (    5) =      14.289815 [THz] =     476.656935 [cm-1]
 (  0.000000  0.000000  0.506581 -0.172895  0.172895  0.506581 ) 
 ( -0.586517 -0.288034 -0.000000 -0.000000 -0.000000  0.000000 ) 
     freq (    6) =      14.289815 [THz] =     476.656935 [cm-1]
 ( -0.462042 -0.462042  0.000000 -0.000000  0.000000  0.000000 ) 
 ( -0.000000 -0.000000  0.000000  0.535273  0.535273  0.000000 ) 
 **************************************************************************
