Dynamical matrix file
Phonons on a uniform q-grid                                                
  1    2   2  10.2000000   0.0000000   0.0000000   0.0000000   0.0000000   0.0000000
           1  'Si  '    25598.3672898282     
    1    1      0.0000000000      0.0000000000      0.0000000000
    2    1      0.2500000000      0.2500000000      0.2500000000

     Dynamical  Matrix in cartesian axes

     q = (    0.500000000  -0.500000000   0.500000000 ) 

    1    1
  0.30129765   0.00000000    -0.02224778   0.00000000     0.02224778   0.00000000
 -0.02224778   0.00000000     0.30129765   0.00000000    -0.02224778   0.00000000
  0.02224778   0.00000000    -0.02224778   0.00000000     0.30129765   0.00000000
    1    2
 -0.16176520   0.00000000    -0.09637158   0.00000000     0.09637158   0.00000000
 -0.09637158   0.00000000    -0.16176520   0.00000000    -0.09637158   0.00000000
  0.09637158   0.00000000    -0.09637158   0.00000000    -0.16176520   0.00000000
    2    1
 -0.16176520   0.00000000    -0.09637158   0.00000000     0.09637158   0.00000000
 -0.09637158   0.00000000    -0.16176520   0.00000000    -0.09637158   0.00000000
  0.09637158   0.00000000    -0.09637158   0.00000000    -0.16176520   0.00000000
    2    2
  0.30129765   0.00000000    -0.02224778   0.00000000     0.02224778   0.00000000
 -0.02224778   0.00000000     0.30129765   0.00000000    -0.02224778   0.00000000
  0.02224778   0.00000000    -0.02224778   0.00000000     0.30129765   0.00000000

     Dynamical  Matrix in cartesian axes

     q = (    0.500000000   0.500000000   0.500000000 ) 

    1    1
  0.30129765   0.00000000     0.02224778   0.00000000     0.02224778   0.00000000
  0.02224778   0.00000000     0.30129765   0.00000000     0.02224778   0.00000000
  0.02224778   0.00000000     0.02224778   0.00000000     0.30129765   0.00000000
    1    2
  0.16176520   0.00000000    -0.09637158  -0.00000000    -0.09637158  -0.00000000
 -0.09637158  -0.00000000     0.16176520   0.00000000    -0.09637158  -0.00000000
 -0.09637158  -0.00000000    -0.09637158  -0.00000000     0.16176520   0.00000000
    2    1
  0.16176520  -0.00000000    -0.09637158   0.00000000    -0.09637158   0.00000000
 -0.09637158   0.00000000     0.16176520  -0.00000000    -0.09637158   0.00000000
 -0.09637158   0.00000000    -0.09637158   0.00000000     0.16176520  -0.00000000
    2    2
  0.30129765   0.00000000     0.02224778   0.00000000     0.02224778   0.00000000
  0.02224778   0.00000000     0.30129765   0.00000000     0.02224778   0.00000000
  0.02224778   0.00000000     0.02224778   0.00000000     0.30129765   0.00000000

     Dynamical  Matrix in cartesian axes

     q = (   -0.500000000   0.500000000   0.500000000 ) 

    1    1
  0.30129765   0.00000000    -0.02224778   0.00000000    -0.02224778   0.00000000
 -0.02224778   0.00000000     0.30129765   0.00000000     0.02224778   0.00000000
 -0.02224778   0.00000000     0.02224778   0.00000000     0.30129765   0.00000000
    1    2
 -0.16176520   0.00000000    -0.09637158   0.00000000    -0.09637158   0.00000000
 -0.09637158   0.00000000    -0.16176520   0.00000000     0.09637158   0.00000000
 -0.09637158   0.00000000     0.09637158   0.00000000    -0.16176520   0.00000000
    2    1
 -0.16176520   0.00000000    -0.09637158   0.00000000    -0.09637158   0.00000000
 -0.09637158   0.00000000    -0.16176520   0.00000000     0.09637158   0.00000000
 -0.09637158   0.00000000     0.09637158   0.00000000    -0.16176520   0.00000000
    2    2
  0.30129765   0.00000000    -0.02224778   0.00000000    -0.02224778   0.00000000
 -0.02224778   0.00000000     0.30129765   0.00000000     0.02224778   0.00000000
 -0.02224778   0.00000000     0.02224778   0.00000000     0.30129765   0.00000000

     Dynamical  Matrix in cartesian axes

     q = (    0.500000000   0.500000000  -0.500000000 ) 

    1    1
  0.30129765   0.00000000     0.02224778   0.00000000    -0.02224778   0.00000000
  0.02224778   0.00000000     0.30129765   0.00000000    -0.02224778   0.00000000
 -0.02224778   0.00000000    -0.02224778   0.00000000     0.30129765   0.00000000
    1    2
 -0.16176520   0.00000000     0.09637158   0.00000000    -0.09637158   0.00000000
  0.09637158   0.00000000    -0.16176520   0.00000000    -0.09637158   0.00000000
 -0.09637158   0.00000000    -0.09637158   0.00000000    -0.16176520   0.00000000
    2    1
 -0.16176520   0.00000000     0.09637158   0.00000000    -0.09637158   0.00000000
  0.09637158   0.00000000    -0.16176520   0.00000000    -0.09637158   0.00000000
 -0.09637158   0.00000000    -0.09637158   0.00000000    -0.16176520   0.00000000
    2    2
  0.30129765   0.00000000     0.02224778   0.00000000    -0.02224778   0.00000000
  0.02224778   0.00000000     0.30129765   0.00000000    -0.02224778   0.00000000
 -0.02224778   0.00000000    -0.02224778   0.00000000     0.30129765   0.00000000

     Diagonalizing the dynamical matrix

     q = (    0.500000000  -0.500000000   0.500000000 ) 

 **************************************************************************
     freq (    1) =       2.973568 [THz] =      99.187557 [cm-1]
 (  0.381620  0.000000  0.566010  0.000000  0.184390  0.000000 ) 
 (  0.381620  0.000000  0.566010  0.000000  0.184390  0.000000 ) 
     freq (    2) =       2.973568 [THz] =      99.187557 [cm-1]
 ( -0.433243  0.000000  0.113871  0.000000  0.547114  0.000000 ) 
 ( -0.433243  0.000000  0.113871  0.000000  0.547114  0.000000 ) 
     freq (    3) =      11.537103 [THz] =     384.836344 [cm-1]
 (  0.408248  0.000000 -0.408248  0.000000  0.408248  0.000000 ) 
 ( -0.408248  0.000000  0.408248  0.000000 -0.408248  0.000000 ) 
     freq (    4) =      12.621406 [THz] =     421.004788 [cm-1]
 (  0.408248  0.000000 -0.408248  0.000000  0.408248  0.000000 ) 
 (  0.408248  0.000000 -0.408248  0.000000  0.408248  0.000000 ) 
     freq (    5) =      15.070634 [THz] =     502.702225 [cm-1]
 (  0.496399  0.000000  0.503525  0.000000  0.007126  0.000000 ) 
 ( -0.496399  0.000000 -0.503525  0.000000 -0.007126  0.000000 ) 
     freq (    6) =      15.070634 [THz] =     502.702225 [cm-1]
 (  0.294824  0.000000 -0.282482  0.000000 -0.577306  0.000000 ) 
 ( -0.294824  0.000000  0.282482  0.000000  0.577306  0.000000 ) 
 **************************************************************************
