Dynamical matrix file
Phonons on a uniform q-grid                                                
  1    2   2  10.2000000   0.0000000   0.0000000   0.0000000   0.0000000   0.0000000
           1  'Si  '    25598.3672898282     
    1    1      0.0000000000      0.0000000000      0.0000000000
    2    1      0.2500000000      0.2500000000      0.2500000000

     Dynamical  Matrix in cartesian axes

     q = (    0.500000000   0.000000000   0.500000000 ) 

    1    1
  0.28591902   0.00000000     0.00000000   0.00784932     0.01341014   0.00000000
 -0.00000000  -0.00784932     0.30172598   0.00000000     0.00000000  -0.00784932
  0.01341014   0.00000000     0.00000000   0.00784932     0.28591902   0.00000000
    1    2
 -0.00000000   0.13669421    -0.09727362   0.00000000     0.00000000  -0.09666967
 -0.09727362   0.00000000    -0.00000000   0.15272154    -0.09727362  -0.00000000
 -0.00000000  -0.09666967    -0.09727362   0.00000000    -0.00000000   0.13669421
    2    1
 -0.00000000  -0.13669421    -0.09727362   0.00000000     0.00000000   0.09666967
 -0.09727362   0.00000000     0.00000000  -0.15272154    -0.09727362  -0.00000000
  0.00000000   0.09666967    -0.09727362   0.00000000     0.00000000  -0.13669421
    2    2
  0.28591902   0.00000000     0.00000000  -0.00784932     0.01341014   0.00000000
  0.00000000   0.00784932     0.30172598   0.00000000     0.00000000   0.00784932
  0.01341014   0.00000000     0.00000000  -0.00784932     0.28591902   0.00000000

     Dynamical  Matrix in cartesian axes

     q = (   -0.500000000   0.000000000   0.500000000 ) 

    1    1
  0.28591902   0.00000000     0.00000000   0.00784932    -0.01341014   0.00000000
  0.00000000  -0.00784932     0.30172598   0.00000000     0.00000000   0.00784932
 -0.01341014   0.00000000     0.00000000  -0.00784932     0.28591902   0.00000000
    1    2
 -0.13669421  -0.00000000     0.00000000  -0.09727362    -0.09666967   0.00000000
 -0.00000000  -0.09727362    -0.15272154  -0.00000000    -0.00000000   0.09727362
 -0.09666967   0.00000000     0.00000000   0.09727362    -0.13669421  -0.00000000
    2    1
 -0.13669421   0.00000000    -0.00000000   0.09727362    -0.09666967   0.00000000
 -0.00000000   0.09727362    -0.15272154  -0.00000000    -0.00000000  -0.09727362
 -0.09666967   0.00000000    -0.00000000  -0.09727362    -0.13669421   0.00000000
    2    2
  0.28591902   0.00000000     0.00000000  -0.00784932    -0.01341014   0.00000000
  0.00000000   0.00784932     0.30172598   0.00000000     0.00000000  -0.00784932
 -0.01341014   0.00000000     0.00000000   0.00784932     0.28591902   0.00000000

     Dynamical  Matrix in cartesian axes

     q = (   -0.500000000   0.000000000  -0.500000000 ) 

    1    1
  0.28591902   0.00000000     0.00000000  -0.00784932     0.01341014   0.00000000
  0.00000000   0.00784932     0.30172598   0.00000000     0.00000000   0.00784932
  0.01341014   0.00000000     0.00000000  -0.00784932     0.28591902   0.00000000
    1    2
 -0.00000000  -0.13669421    -0.09727362   0.00000000     0.00000000   0.09666967
 -0.09727362   0.00000000     0.00000000  -0.15272154    -0.09727362   0.00000000
  0.00000000   0.09666967    -0.09727362   0.00000000     0.00000000  -0.13669421
    2    1
 -0.00000000   0.13669421    -0.09727362  -0.00000000     0.00000000  -0.09666967
 -0.09727362  -0.00000000    -0.00000000   0.15272154    -0.09727362   0.00000000
  0.00000000  -0.09666967    -0.09727362  -0.00000000    -0.00000000   0.13669421
    2    2
  0.28591902   0.00000000     0.00000000   0.00784932     0.01341014   0.00000000
  0.00000000  -0.00784932     0.30172598   0.00000000     0.00000000  -0.00784932
  0.01341014   0.00000000     0.00000000   0.00784932     0.28591902   0.00000000

     Dynamical  Matrix in cartesian axes

     q = (    0.500000000   0.000000000  -0.500000000 ) 

    1    1
  0.28591902   0.00000000     0.00000000  -0.00784932    -0.01341014   0.00000000
  0.00000000   0.00784932     0.30172598   0.00000000     0.00000000  -0.00784932
 -0.01341014   0.00000000     0.00000000   0.00784932     0.28591902   0.00000000
    1    2
 -0.13669421  -0.00000000     0.00000000   0.09727362    -0.09666967   0.00000000
 -0.00000000   0.09727362    -0.15272154   0.00000000    -0.00000000  -0.09727362
 -0.09666967   0.00000000     0.00000000  -0.09727362    -0.13669421   0.00000000
    2    1
 -0.13669421   0.00000000     0.00000000  -0.09727362    -0.09666967   0.00000000
  0.00000000  -0.09727362    -0.15272154   0.00000000     0.00000000   0.09727362
 -0.09666967   0.00000000     0.00000000   0.09727362    -0.13669421   0.00000000
    2    2
  0.28591902   0.00000000     0.00000000   0.00784932    -0.01341014   0.00000000
  0.00000000  -0.00784932     0.30172598   0.00000000     0.00000000   0.00784932
 -0.01341014   0.00000000     0.00000000  -0.00784932     0.28591902   0.00000000

     Dynamical  Matrix in cartesian axes

     q = (    0.000000000   0.500000000  -0.500000000 ) 

    1    1
  0.30172598   0.00000000     0.00000000   0.00784932     0.00000000  -0.00784932
  0.00000000  -0.00784932     0.28591902   0.00000000    -0.01341014   0.00000000
  0.00000000   0.00784932    -0.01341014   0.00000000     0.28591902   0.00000000
    1    2
 -0.15272154  -0.00000000     0.00000000   0.09727362     0.00000000  -0.09727362
  0.00000000   0.09727362    -0.13669421  -0.00000000    -0.09666967   0.00000000
 -0.00000000  -0.09727362    -0.09666967   0.00000000    -0.13669421  -0.00000000
    2    1
 -0.15272154  -0.00000000     0.00000000  -0.09727362    -0.00000000   0.09727362
  0.00000000  -0.09727362    -0.13669421  -0.00000000    -0.09666967   0.00000000
  0.00000000   0.09727362    -0.09666967   0.00000000    -0.13669421  -0.00000000
    2    2
  0.30172598   0.00000000    -0.00000000  -0.00784932    -0.00000000   0.00784932
  0.00000000   0.00784932     0.28591902   0.00000000    -0.01341014   0.00000000
  0.00000000  -0.00784932    -0.01341014   0.00000000     0.28591902   0.00000000

     Dynamical  Matrix in cartesian axes

     q = (   -0.500000000   0.500000000   0.000000000 ) 

    1    1
  0.28591902   0.00000000    -0.01341014   0.00000000     0.00000000   0.00784932
 -0.01341014   0.00000000     0.28591902   0.00000000     0.00000000  -0.00784932
  0.00000000  -0.00784932     0.00000000   0.00784932     0.30172598   0.00000000
    1    2
 -0.13669421  -0.00000000    -0.09666967   0.00000000     0.00000000  -0.09727362
 -0.09666967   0.00000000    -0.13669421   0.00000000     0.00000000   0.09727362
 -0.00000000  -0.09727362    -0.00000000   0.09727362    -0.15272154  -0.00000000
    2    1
 -0.13669421  -0.00000000    -0.09666967   0.00000000     0.00000000   0.09727362
 -0.09666967   0.00000000    -0.13669421  -0.00000000     0.00000000  -0.09727362
 -0.00000000   0.09727362    -0.00000000  -0.09727362    -0.15272154  -0.00000000
    2    2
  0.28591902   0.00000000    -0.01341014   0.00000000     0.00000000  -0.00784932
 -0.01341014   0.00000000     0.28591902   0.00000000     0.00000000   0.00784932
  0.00000000   0.00784932     0.00000000  -0.00784932     0.30172598   0.00000000

     Dynamical  Matrix in cartesian axes

     q = (    0.000000000   0.500000000   0.500000000 ) 

    1    1
  0.30172598   0.00000000     0.00000000  -0.00784932     0.00000000  -0.00784932
  0.00000000   0.00784932     0.28591902   0.00000000     0.01341014   0.00000000
  0.00000000   0.00784932     0.01341014   0.00000000     0.28591902   0.00000000
    1    2
 -0.00000000   0.15272154    -0.09727362   0.00000000    -0.09727362   0.00000000
 -0.09727362  -0.00000000    -0.00000000   0.13669421     0.00000000  -0.09666967
 -0.09727362  -0.00000000    -0.00000000  -0.09666967    -0.00000000   0.13669421
    2    1
  0.00000000  -0.15272154    -0.09727362  -0.00000000    -0.09727362  -0.00000000
 -0.09727362   0.00000000     0.00000000  -0.13669421     0.00000000   0.09666967
 -0.09727362   0.00000000     0.00000000   0.09666967     0.00000000  -0.13669421
    2    2
  0.30172598   0.00000000     0.00000000   0.00784932     0.00000000   0.00784932
  0.00000000  -0.00784932     0.28591902   0.00000000     0.01341014   0.00000000
  0.00000000  -0.00784932     0.01341014   0.00000000     0.28591902   0.00000000

     Dynamical  Matrix in cartesian axes

     q = (    0.000000000  -0.500000000  -0.500000000 ) 

    1    1
  0.30172598   0.00000000     0.00000000   0.00784932     0.00000000   0.00784932
  0.00000000  -0.00784932     0.28591902   0.00000000     0.01341014   0.00000000
  0.00000000  -0.00784932     0.01341014   0.00000000     0.28591902   0.00000000
    1    2
  0.00000000  -0.15272154    -0.09727362   0.00000000    -0.09727362  -0.00000000
 -0.09727362   0.00000000    -0.00000000  -0.13669421     0.00000000   0.09666967
 -0.09727362   0.00000000     0.00000000   0.09666967    -0.00000000  -0.13669421
    2    1
 -0.00000000   0.15272154    -0.09727362   0.00000000    -0.09727362   0.00000000
 -0.09727362  -0.00000000    -0.00000000   0.13669421     0.00000000  -0.09666967
 -0.09727362  -0.00000000     0.00000000  -0.09666967    -0.00000000   0.13669421
    2    2
  0.30172598   0.00000000     0.00000000  -0.00784932     0.00000000  -0.00784932
  0.00000000   0.00784932     0.28591902   0.00000000     0.01341014   0.00000000
  0.00000000   0.00784932     0.01341014   0.00000000     0.28591902   0.00000000

     Dynamical  Matrix in cartesian axes

     q = (    0.500000000   0.500000000   0.000000000 ) 

    1    1
  0.28591902   0.00000000     0.01341014   0.00000000     0.00000000   0.00784932
  0.01341014   0.00000000     0.28591902   0.00000000     0.00000000   0.00784932
  0.00000000  -0.00784932     0.00000000  -0.00784932     0.30172598   0.00000000
    1    2
 -0.00000000   0.13669421    -0.00000000  -0.09666967    -0.09727362   0.00000000
 -0.00000000  -0.09666967    -0.00000000   0.13669421    -0.09727362   0.00000000
 -0.09727362  -0.00000000    -0.09727362   0.00000000    -0.00000000   0.15272154
    2    1
 -0.00000000  -0.13669421     0.00000000   0.09666967    -0.09727362   0.00000000
  0.00000000   0.09666967     0.00000000  -0.13669421    -0.09727362   0.00000000
 -0.09727362   0.00000000    -0.09727362   0.00000000     0.00000000  -0.15272154
    2    2
  0.28591902   0.00000000     0.01341014   0.00000000     0.00000000  -0.00784932
  0.01341014   0.00000000     0.28591902   0.00000000     0.00000000  -0.00784932
  0.00000000   0.00784932     0.00000000   0.00784932     0.30172598   0.00000000

     Dynamical  Matrix in cartesian axes

     q = (   -0.500000000  -0.500000000   0.000000000 ) 

    1    1
  0.28591902   0.00000000     0.01341014   0.00000000     0.00000000  -0.00784932
  0.01341014   0.00000000     0.28591902   0.00000000     0.00000000  -0.00784932
  0.00000000   0.00784932     0.00000000   0.00784932     0.30172598   0.00000000
    1    2
 -0.00000000  -0.13669421     0.00000000   0.09666967    -0.09727362  -0.00000000
  0.00000000   0.09666967     0.00000000  -0.13669421    -0.09727362  -0.00000000
 -0.09727362   0.00000000    -0.09727362  -0.00000000     0.00000000  -0.15272154
    2    1
 -0.00000000   0.13669421     0.00000000  -0.09666967    -0.09727362   0.00000000
 -0.00000000  -0.09666967    -0.00000000   0.13669421    -0.09727362   0.00000000
 -0.09727362  -0.00000000    -0.09727362   0.00000000    -0.00000000   0.15272154
    2    2
  0.28591902   0.00000000     0.01341014   0.00000000     0.00000000   0.00784932
  0.01341014   0.00000000     0.28591902   0.00000000     0.00000000   0.00784932
  0.00000000  -0.00784932     0.00000000  -0.00784932     0.30172598   0.00000000

     Dynamical  Matrix in cartesian axes

     q = (    0.000000000  -0.500000000   0.500000000 ) 

    1    1
  0.30172598   0.00000000    -0.00000000  -0.00784932    -0.00000000   0.00784932
  0.00000000   0.00784932     0.28591902   0.00000000    -0.01341014   0.00000000
  0.00000000  -0.00784932    -0.01341014   0.00000000     0.28591902   0.00000000
    1    2
 -0.15272154  -0.00000000    -0.00000000  -0.09727362     0.00000000   0.09727362
  0.00000000  -0.09727362    -0.13669421  -0.00000000    -0.09666967   0.00000000
 -0.00000000   0.09727362    -0.09666967   0.00000000    -0.13669421  -0.00000000
    2    1
 -0.15272154  -0.00000000     0.00000000   0.09727362     0.00000000  -0.09727362
  0.00000000   0.09727362    -0.13669421  -0.00000000    -0.09666967   0.00000000
 -0.00000000  -0.09727362    -0.09666967   0.00000000    -0.13669421  -0.00000000
    2    2
  0.30172598   0.00000000     0.00000000   0.00784932     0.00000000  -0.00784932
  0.00000000  -0.00784932     0.28591902   0.00000000    -0.01341014   0.00000000
  0.00000000   0.00784932    -0.01341014   0.00000000     0.28591902   0.00000000

     Dynamical  Matrix in cartesian axes

     q = (    0.500000000  -0.500000000   0.000000000 ) 

    1    1
  0.28591902   0.00000000    -0.01341014   0.00000000     0.00000000  -0.00784932
 -0.01341014   0.00000000     0.28591902   0.00000000     0.00000000   0.00784932
  0.00000000   0.00784932     0.00000000  -0.00784932     0.30172598   0.00000000
    1    2
 -0.13669421   0.00000000    -0.09666967   0.00000000     0.00000000   0.09727362
 -0.09666967   0.00000000    -0.13669421   0.00000000     0.00000000  -0.09727362
  0.00000000   0.09727362     0.00000000  -0.09727362    -0.15272154  -0.00000000
    2    1
 -0.13669421  -0.00000000    -0.09666967   0.00000000     0.00000000  -0.09727362
 -0.09666967   0.00000000    -0.13669421  -0.00000000     0.00000000   0.09727362
 -0.00000000  -0.09727362    -0.00000000   0.09727362    -0.15272154   0.00000000
    2    2
  0.28591902   0.00000000    -0.01341014   0.00000000     0.00000000   0.00784932
 -0.01341014   0.00000000     0.28591902   0.00000000     0.00000000  -0.00784932
  0.00000000  -0.00784932     0.00000000   0.00784932     0.30172598   0.00000000

     Diagonalizing the dynamical matrix

     q = (    0.500000000   0.000000000   0.500000000 ) 

 **************************************************************************
     freq (    1) =       4.068245 [THz] =     135.702051 [cm-1]
 (  0.000000 -0.500000  0.000000 -0.000000  0.000000  0.500000 ) 
 (  0.500000 -0.000000  0.000000  0.000000 -0.500000  0.000000 ) 
     freq (    2) =       6.026576 [THz] =     201.024927 [cm-1]
 (  0.000000 -0.223238 -0.632716  0.000000 -0.000000 -0.223238 ) 
 ( -0.223238  0.000000 -0.000000 -0.632716 -0.223238  0.000000 ) 
     freq (    3) =       8.700755 [THz] =     290.225957 [cm-1]
 (  0.000000 -0.439985  0.335897  0.000000  0.000000 -0.439985 ) 
 (  0.439985  0.000000  0.000000 -0.335897  0.439985  0.000000 ) 
     freq (    4) =      13.044522 [THz] =     435.118416 [cm-1]
 (  0.000000 -0.447398  0.315707  0.000000  0.000000 -0.447398 ) 
 ( -0.447398 -0.000000 -0.000000  0.315707 -0.447398  0.000000 ) 
     freq (    5) =      14.624787 [THz] =     487.830387 [cm-1]
 ( -0.000000  0.500000 -0.000000 -0.000000  0.000000 -0.500000 ) 
 (  0.500000  0.000000 -0.000000  0.000000 -0.500000  0.000000 ) 
     freq (    6) =      15.035732 [THz] =     501.538020 [cm-1]
 ( -0.000000  0.237515  0.622232  0.000000 -0.000000  0.237515 ) 
 ( -0.237515 -0.000000  0.000000 -0.622232 -0.237515  0.000000 ) 
 **************************************************************************
