Dynamical matrix file
Phonons on a uniform q-grid                                                
  1    2   2  10.2000000   0.0000000   0.0000000   0.0000000   0.0000000   0.0000000
           1  'Si  '    25598.3672898282     
    1    1      0.0000000000      0.0000000000      0.0000000000
    2    1      0.2500000000      0.2500000000      0.2500000000

     Dynamical  Matrix in cartesian axes

     q = (    0.625000000  -0.125000000   0.875000000 ) 

    1    1
  0.26617362   0.00000000    -0.00495622   0.00138110     0.00575034   0.00130789
 -0.00495622  -0.00138110     0.31988139   0.00000000    -0.00209276  -0.01866922
  0.00575034  -0.00130789    -0.00209276   0.01866922     0.28361945  -0.00000000
    1    2
 -0.02047282   0.04182120    -0.08071711   0.06181212    -0.08508394  -0.13578091
 -0.08071711   0.06181212    -0.01720031   0.05123721    -0.01275093   0.03513177
 -0.08508394  -0.13578091    -0.01275093   0.03513177    -0.02397130   0.04551420
    2    1
 -0.02047282  -0.04182120    -0.08071711  -0.06181212    -0.08508394   0.13578091
 -0.08071711  -0.06181212    -0.01720031  -0.05123721    -0.01275093  -0.03513177
 -0.08508394   0.13578091    -0.01275093  -0.03513177    -0.02397130  -0.04551420
    2    2
  0.26617362   0.00000000    -0.00495622  -0.00138110     0.00575034  -0.00130789
 -0.00495622   0.00138110     0.31988139   0.00000000    -0.00209276   0.01866922
  0.00575034   0.00130789    -0.00209276  -0.01866922     0.28361945   0.00000000

     Dynamical  Matrix in cartesian axes

     q = (    0.625000000  -0.125000000  -0.875000000 ) 

    1    1
  0.26617362  -0.00000000    -0.00495622  -0.00138110    -0.00575034   0.00130789
 -0.00495622   0.00138110     0.31988139  -0.00000000     0.00209276  -0.01866922
 -0.00575034  -0.00130789     0.00209276   0.01866922     0.28361945   0.00000000
    1    2
 -0.04182120   0.02047282    -0.06181212   0.08071711    -0.13578091  -0.08508394
 -0.06181212   0.08071711    -0.05123721   0.01720031     0.03513177  -0.01275093
 -0.13578091  -0.08508394     0.03513177  -0.01275093    -0.04551420   0.02397130
    2    1
 -0.04182120  -0.02047282    -0.06181212  -0.08071711    -0.13578091   0.08508394
 -0.06181212  -0.08071711    -0.05123721  -0.01720031     0.03513177   0.01275093
 -0.13578091   0.08508394     0.03513177   0.01275093    -0.04551420  -0.02397130
    2    2
  0.26617362   0.00000000    -0.00495622   0.00138110    -0.00575034  -0.00130789
 -0.00495622  -0.00138110     0.31988139   0.00000000     0.00209276   0.01866922
 -0.00575034   0.00130789     0.00209276  -0.01866922     0.28361945  -0.00000000

     Dynamical  Matrix in cartesian axes

     q = (    0.875000000   0.125000000   0.625000000 ) 

    1    1
  0.28361945   0.00000000     0.00209276   0.01866922     0.00575034   0.00130789
  0.00209276  -0.01866922     0.31988139  -0.00000000     0.00495622  -0.00138110
  0.00575034  -0.00130789     0.00495622   0.00138110     0.26617362  -0.00000000
    1    2
  0.04551420  -0.02397130    -0.03513177   0.01275093    -0.13578091  -0.08508394
 -0.03513177   0.01275093     0.05123721  -0.01720031    -0.06181212   0.08071711
 -0.13578091  -0.08508394    -0.06181212   0.08071711     0.04182120  -0.02047282
    2    1
  0.04551420   0.02397130    -0.03513177  -0.01275093    -0.13578091   0.08508394
 -0.03513177  -0.01275093     0.05123721   0.01720031    -0.06181212  -0.08071711
 -0.13578091   0.08508394    -0.06181212  -0.08071711     0.04182120   0.02047282
    2    2
  0.28361945  -0.00000000     0.00209276  -0.01866922     0.00575034  -0.00130789
  0.00209276   0.01866922     0.31988139   0.00000000     0.00495622   0.00138110
  0.00575034   0.00130789     0.00495622  -0.00138110     0.26617362   0.00000000

     Dynamical  Matrix in cartesian axes

     q = (    0.625000000   0.125000000   0.875000000 ) 

    1    1
  0.26617362  -0.00000000     0.00495622   0.00138110     0.00575034  -0.00130789
  0.00495622  -0.00138110     0.31988139  -0.00000000     0.00209276  -0.01866922
  0.00575034   0.00130789     0.00209276   0.01866922     0.28361945  -0.00000000
    1    2
  0.04182120  -0.02047282    -0.06181212   0.08071711    -0.13578091  -0.08508394
 -0.06181212   0.08071711     0.05123721  -0.01720031    -0.03513177   0.01275093
 -0.13578091  -0.08508394    -0.03513177   0.01275093     0.04551420  -0.02397130
    2    1
  0.04182120   0.02047282    -0.06181212  -0.08071711    -0.13578091   0.08508394
 -0.06181212  -0.08071711     0.05123721   0.01720031    -0.03513177  -0.01275093
 -0.13578091   0.08508394    -0.03513177  -0.01275093     0.04551420   0.02397130
    2    2
  0.26617362   0.00000000     0.00495622  -0.00138110     0.00575034   0.00130789
  0.00495622   0.00138110     0.31988139   0.00000000     0.00209276   0.01866922
  0.00575034  -0.00130789     0.00209276  -0.01866922     0.28361945   0.00000000

     Dynamical  Matrix in cartesian axes

     q = (    0.875000000  -0.125000000  -0.625000000 ) 

    1    1
  0.28361945   0.00000000    -0.00209276  -0.01866922    -0.00575034  -0.00130789
 -0.00209276   0.01866922     0.31988139   0.00000000     0.00495622  -0.00138110
 -0.00575034   0.00130789     0.00495622   0.00138110     0.26617362  -0.00000000
    1    2
 -0.01523313   0.04913367    -0.01582565   0.03385818    -0.15617503   0.03584817
 -0.01582565   0.03385818    -0.02406772   0.04839263    -0.01336785  -0.10078339
 -0.15617503   0.03584817    -0.01336785  -0.10078339    -0.01509558   0.04404853
    2    1
 -0.01523313  -0.04913367    -0.01582565  -0.03385818    -0.15617503  -0.03584817
 -0.01582565  -0.03385818    -0.02406772  -0.04839263    -0.01336785   0.10078339
 -0.15617503  -0.03584817    -0.01336785   0.10078339    -0.01509558  -0.04404853
    2    2
  0.28361945   0.00000000    -0.00209276   0.01866922    -0.00575034   0.00130789
 -0.00209276  -0.01866922     0.31988139   0.00000000     0.00495622   0.00138110
 -0.00575034  -0.00130789     0.00495622  -0.00138110     0.26617362   0.00000000

     Dynamical  Matrix in cartesian axes

     q = (    0.875000000  -0.125000000   0.625000000 ) 

    1    1
  0.28361945   0.00000000    -0.00209276   0.01866922     0.00575034  -0.00130789
 -0.00209276  -0.01866922     0.31988139  -0.00000000    -0.00495622  -0.00138110
  0.00575034   0.00130789    -0.00495622   0.00138110     0.26617362   0.00000000
    1    2
 -0.02397130   0.04551420    -0.01275093   0.03513177    -0.08508394  -0.13578091
 -0.01275093   0.03513177    -0.01720031   0.05123721    -0.08071711   0.06181212
 -0.08508394  -0.13578091    -0.08071711   0.06181212    -0.02047282   0.04182120
    2    1
 -0.02397130  -0.04551420    -0.01275093  -0.03513177    -0.08508394   0.13578091
 -0.01275093  -0.03513177    -0.01720031  -0.05123721    -0.08071711  -0.06181212
 -0.08508394   0.13578091    -0.08071711  -0.06181212    -0.02047282  -0.04182120
    2    2
  0.28361945  -0.00000000    -0.00209276  -0.01866922     0.00575034   0.00130789
 -0.00209276   0.01866922     0.31988139   0.00000000    -0.00495622   0.00138110
  0.00575034  -0.00130789    -0.00495622  -0.00138110     0.26617362   0.00000000

     Dynamical  Matrix in cartesian axes

     q = (   -0.875000000  -0.125000000   0.625000000 ) 

    1    1
  0.28361945   0.00000000     0.00209276   0.01866922    -0.00575034  -0.00130789
  0.00209276  -0.01866922     0.31988139  -0.00000000    -0.00495622   0.00138110
 -0.00575034   0.00130789    -0.00495622  -0.00138110     0.26617362  -0.00000000
    1    2
 -0.04551420   0.02397130     0.03513177  -0.01275093    -0.13578091  -0.08508394
  0.03513177  -0.01275093    -0.05123721   0.01720031    -0.06181212   0.08071711
 -0.13578091  -0.08508394    -0.06181212   0.08071711    -0.04182120   0.02047282
    2    1
 -0.04551420  -0.02397130     0.03513177   0.01275093    -0.13578091   0.08508394
  0.03513177   0.01275093    -0.05123721  -0.01720031    -0.06181212  -0.08071711
 -0.13578091   0.08508394    -0.06181212  -0.08071711    -0.04182120  -0.02047282
    2    2
  0.28361945  -0.00000000     0.00209276  -0.01866922    -0.00575034   0.00130789
  0.00209276   0.01866922     0.31988139   0.00000000    -0.00495622  -0.00138110
 -0.00575034  -0.00130789    -0.00495622   0.00138110     0.26617362   0.00000000

     Dynamical  Matrix in cartesian axes

     q = (   -0.625000000  -0.125000000  -0.875000000 ) 

    1    1
  0.26617362   0.00000000     0.00495622  -0.00138110     0.00575034   0.00130789
  0.00495622   0.00138110     0.31988139   0.00000000     0.00209276   0.01866922
  0.00575034  -0.00130789     0.00209276  -0.01866922     0.28361945   0.00000000
    1    2
  0.04182120   0.02047282    -0.06181212  -0.08071711    -0.13578091   0.08508394
 -0.06181212  -0.08071711     0.05123721   0.01720031    -0.03513177  -0.01275093
 -0.13578091   0.08508394    -0.03513177  -0.01275093     0.04551420   0.02397130
    2    1
  0.04182120  -0.02047282    -0.06181212   0.08071711    -0.13578091  -0.08508394
 -0.06181212   0.08071711     0.05123721  -0.01720031    -0.03513177   0.01275093
 -0.13578091  -0.08508394    -0.03513177   0.01275093     0.04551420  -0.02397130
    2    2
  0.26617362  -0.00000000     0.00495622   0.00138110     0.00575034  -0.00130789
  0.00495622  -0.00138110     0.31988139  -0.00000000     0.00209276  -0.01866922
  0.00575034   0.00130789     0.00209276   0.01866922     0.28361945  -0.00000000

     Dynamical  Matrix in cartesian axes

     q = (   -0.875000000   0.125000000  -0.625000000 ) 

    1    1
  0.28361945  -0.00000000    -0.00209276  -0.01866922     0.00575034   0.00130789
 -0.00209276   0.01866922     0.31988139   0.00000000    -0.00495622   0.00138110
  0.00575034  -0.00130789    -0.00495622  -0.00138110     0.26617362   0.00000000
    1    2
 -0.02397130  -0.04551420    -0.01275093  -0.03513177    -0.08508394   0.13578091
 -0.01275093  -0.03513177    -0.01720031  -0.05123721    -0.08071711  -0.06181212
 -0.08508394   0.13578091    -0.08071711  -0.06181212    -0.02047282  -0.04182120
    2    1
 -0.02397130   0.04551420    -0.01275093   0.03513177    -0.08508394  -0.13578091
 -0.01275093   0.03513177    -0.01720031   0.05123721    -0.08071711   0.06181212
 -0.08508394  -0.13578091    -0.08071711   0.06181212    -0.02047282   0.04182120
    2    2
  0.28361945   0.00000000    -0.00209276   0.01866922     0.00575034  -0.00130789
 -0.00209276  -0.01866922     0.31988139  -0.00000000    -0.00495622  -0.00138110
  0.00575034   0.00130789    -0.00495622   0.00138110     0.26617362   0.00000000

     Dynamical  Matrix in cartesian axes

     q = (   -0.625000000  -0.125000000   0.875000000 ) 

    1    1
  0.26617362  -0.00000000     0.00495622   0.00138110    -0.00575034   0.00130789
  0.00495622  -0.00138110     0.31988139  -0.00000000    -0.00209276   0.01866922
 -0.00575034  -0.00130789    -0.00209276  -0.01866922     0.28361945   0.00000000
    1    2
 -0.01509558   0.04404853    -0.01336785  -0.10078339    -0.15617503   0.03584817
 -0.01336785  -0.10078339    -0.02406772   0.04839263    -0.01582565   0.03385818
 -0.15617503   0.03584817    -0.01582565   0.03385818    -0.01523313   0.04913367
    2    1
 -0.01509558  -0.04404853    -0.01336785   0.10078339    -0.15617503  -0.03584817
 -0.01336785   0.10078339    -0.02406772  -0.04839263    -0.01582565  -0.03385818
 -0.15617503  -0.03584817    -0.01582565  -0.03385818    -0.01523313  -0.04913367
    2    2
  0.26617362   0.00000000     0.00495622  -0.00138110    -0.00575034  -0.00130789
  0.00495622   0.00138110     0.31988139   0.00000000    -0.00209276  -0.01866922
 -0.00575034   0.00130789    -0.00209276   0.01866922     0.28361945  -0.00000000

     Dynamical  Matrix in cartesian axes

     q = (   -0.875000000   0.125000000   0.625000000 ) 

    1    1
  0.28361945   0.00000000    -0.00209276   0.01866922    -0.00575034   0.00130789
 -0.00209276  -0.01866922     0.31988139   0.00000000     0.00495622   0.00138110
 -0.00575034  -0.00130789     0.00495622  -0.00138110     0.26617362   0.00000000
    1    2
 -0.01523313  -0.04913367    -0.01582565  -0.03385818    -0.15617503  -0.03584817
 -0.01582565  -0.03385818    -0.02406772  -0.04839263    -0.01336785   0.10078339
 -0.15617503  -0.03584817    -0.01336785   0.10078339    -0.01509558  -0.04404853
    2    1
 -0.01523313   0.04913367    -0.01582565   0.03385818    -0.15617503   0.03584817
 -0.01582565   0.03385818    -0.02406772   0.04839263    -0.01336785  -0.10078339
 -0.15617503   0.03584817    -0.01336785  -0.10078339    -0.01509558   0.04404853
    2    2
  0.28361945   0.00000000    -0.00209276  -0.01866922    -0.00575034  -0.00130789
 -0.00209276   0.01866922     0.31988139   0.00000000     0.00495622  -0.00138110
 -0.00575034   0.00130789     0.00495622   0.00138110     0.26617362  -0.00000000

     Dynamical  Matrix in cartesian axes

     q = (    0.875000000   0.125000000  -0.625000000 ) 

    1    1
  0.28361945  -0.00000000     0.00209276  -0.01866922    -0.00575034   0.00130789
  0.00209276   0.01866922     0.31988139   0.00000000    -0.00495622  -0.00138110
 -0.00575034  -0.00130789    -0.00495622   0.00138110     0.26617362   0.00000000
    1    2
 -0.04551420  -0.02397130     0.03513177   0.01275093    -0.13578091   0.08508394
  0.03513177   0.01275093    -0.05123721  -0.01720031    -0.06181212  -0.08071711
 -0.13578091   0.08508394    -0.06181212  -0.08071711    -0.04182120  -0.02047282
    2    1
 -0.04551420   0.02397130     0.03513177  -0.01275093    -0.13578091  -0.08508394
  0.03513177  -0.01275093    -0.05123721   0.01720031    -0.06181212   0.08071711
 -0.13578091  -0.08508394    -0.06181212   0.08071711    -0.04182120   0.02047282
    2    2
  0.28361945   0.00000000     0.00209276   0.01866922    -0.00575034  -0.00130789
  0.00209276  -0.01866922     0.31988139  -0.00000000    -0.00495622   0.00138110
 -0.00575034   0.00130789    -0.00495622  -0.00138110     0.26617362  -0.00000000

     Dynamical  Matrix in cartesian axes

     q = (   -0.625000000   0.125000000   0.875000000 ) 

    1    1
  0.26617362   0.00000000    -0.00495622   0.00138110    -0.00575034  -0.00130789
 -0.00495622  -0.00138110     0.31988139   0.00000000     0.00209276   0.01866922
 -0.00575034   0.00130789     0.00209276  -0.01866922     0.28361945  -0.00000000
    1    2
 -0.04182120  -0.02047282    -0.06181212  -0.08071711    -0.13578091   0.08508394
 -0.06181212  -0.08071711    -0.05123721  -0.01720031     0.03513177   0.01275093
 -0.13578091   0.08508394     0.03513177   0.01275093    -0.04551420  -0.02397130
    2    1
 -0.04182120   0.02047282    -0.06181212   0.08071711    -0.13578091  -0.08508394
 -0.06181212   0.08071711    -0.05123721   0.01720031     0.03513177  -0.01275093
 -0.13578091  -0.08508394     0.03513177  -0.01275093    -0.04551420   0.02397130
    2    2
  0.26617362  -0.00000000    -0.00495622  -0.00138110    -0.00575034   0.00130789
 -0.00495622   0.00138110     0.31988139  -0.00000000     0.00209276  -0.01866922
 -0.00575034  -0.00130789     0.00209276   0.01866922     0.28361945   0.00000000

     Dynamical  Matrix in cartesian axes

     q = (   -0.875000000  -0.125000000  -0.625000000 ) 

    1    1
  0.28361945  -0.00000000     0.00209276  -0.01866922     0.00575034  -0.00130789
  0.00209276   0.01866922     0.31988139   0.00000000     0.00495622   0.00138110
  0.00575034   0.00130789     0.00495622  -0.00138110     0.26617362   0.00000000
    1    2
  0.04551420   0.02397130    -0.03513177  -0.01275093    -0.13578091   0.08508394
 -0.03513177  -0.01275093     0.05123721   0.01720031    -0.06181212  -0.08071711
 -0.13578091   0.08508394    -0.06181212  -0.08071711     0.04182120   0.02047282
    2    1
  0.04551420  -0.02397130    -0.03513177   0.01275093    -0.13578091  -0.08508394
 -0.03513177   0.01275093     0.05123721  -0.01720031    -0.06181212   0.08071711
 -0.13578091  -0.08508394    -0.06181212   0.08071711     0.04182120  -0.02047282
    2    2
  0.28361945   0.00000000     0.00209276   0.01866922     0.00575034   0.00130789
  0.00209276  -0.01866922     0.31988139  -0.00000000     0.00495622  -0.00138110
  0.00575034  -0.00130789     0.00495622   0.00138110     0.26617362  -0.00000000

     Dynamical  Matrix in cartesian axes

     q = (    0.625000000   0.125000000  -0.875000000 ) 

    1    1
  0.26617362   0.00000000     0.00495622  -0.00138110    -0.00575034  -0.00130789
  0.00495622   0.00138110     0.31988139   0.00000000    -0.00209276  -0.01866922
 -0.00575034   0.00130789    -0.00209276   0.01866922     0.28361945  -0.00000000
    1    2
 -0.01509558  -0.04404853    -0.01336785   0.10078339    -0.15617503  -0.03584817
 -0.01336785   0.10078339    -0.02406772  -0.04839263    -0.01582565  -0.03385818
 -0.15617503  -0.03584817    -0.01582565  -0.03385818    -0.01523313  -0.04913367
    2    1
 -0.01509558   0.04404853    -0.01336785  -0.10078339    -0.15617503   0.03584817
 -0.01336785  -0.10078339    -0.02406772   0.04839263    -0.01582565   0.03385818
 -0.15617503   0.03584817    -0.01582565   0.03385818    -0.01523313   0.04913367
    2    2
  0.26617362  -0.00000000     0.00495622   0.00138110    -0.00575034   0.00130789
  0.00495622  -0.00138110     0.31988139  -0.00000000    -0.00209276   0.01866922
 -0.00575034  -0.00130789    -0.00209276  -0.01866922     0.28361945   0.00000000

     Dynamical  Matrix in cartesian axes

     q = (   -0.625000000   0.125000000  -0.875000000 ) 

    1    1
  0.26617362   0.00000000    -0.00495622  -0.00138110     0.00575034  -0.00130789
 -0.00495622   0.00138110     0.31988139   0.00000000    -0.00209276   0.01866922
  0.00575034   0.00130789    -0.00209276  -0.01866922     0.28361945   0.00000000
    1    2
 -0.02047282  -0.04182120    -0.08071711  -0.06181212    -0.08508394   0.13578091
 -0.08071711  -0.06181212    -0.01720031  -0.05123721    -0.01275093  -0.03513177
 -0.08508394   0.13578091    -0.01275093  -0.03513177    -0.02397130  -0.04551420
    2    1
 -0.02047282   0.04182120    -0.08071711   0.06181212    -0.08508394  -0.13578091
 -0.08071711   0.06181212    -0.01720031   0.05123721    -0.01275093   0.03513177
 -0.08508394  -0.13578091    -0.01275093   0.03513177    -0.02397130   0.04551420
    2    2
  0.26617362   0.00000000    -0.00495622   0.00138110     0.00575034   0.00130789
 -0.00495622  -0.00138110     0.31988139   0.00000000    -0.00209276  -0.01866922
  0.00575034  -0.00130789    -0.00209276   0.01866922     0.28361945  -0.00000000

     Dynamical  Matrix in cartesian axes

     q = (   -0.125000000   0.875000000   0.625000000 ) 

    1    1
  0.31988139   0.00000000    -0.00209276  -0.01866922    -0.00495622  -0.00138110
 -0.00209276   0.01866922     0.28361945  -0.00000000     0.00575034  -0.00130789
 -0.00495622   0.00138110     0.00575034   0.00130789     0.26617362   0.00000000
    1    2
 -0.01720031   0.05123721    -0.01275093   0.03513177    -0.08071711   0.06181212
 -0.01275093   0.03513177    -0.02397130   0.04551420    -0.08508394  -0.13578091
 -0.08071711   0.06181212    -0.08508394  -0.13578091    -0.02047282   0.04182120
    2    1
 -0.01720031  -0.05123721    -0.01275093  -0.03513177    -0.08071711  -0.06181212
 -0.01275093  -0.03513177    -0.02397130  -0.04551420    -0.08508394   0.13578091
 -0.08071711  -0.06181212    -0.08508394   0.13578091    -0.02047282  -0.04182120
    2    2
  0.31988139   0.00000000    -0.00209276   0.01866922    -0.00495622   0.00138110
 -0.00209276  -0.01866922     0.28361945   0.00000000     0.00575034   0.00130789
 -0.00495622  -0.00138110     0.00575034  -0.00130789     0.26617362  -0.00000000

     Dynamical  Matrix in cartesian axes

     q = (    0.125000000   0.875000000  -0.625000000 ) 

    1    1
  0.31988139   0.00000000     0.00209276   0.01866922    -0.00495622  -0.00138110
  0.00209276  -0.01866922     0.28361945   0.00000000    -0.00575034   0.00130789
 -0.00495622   0.00138110    -0.00575034  -0.00130789     0.26617362   0.00000000
    1    2
 -0.05123721  -0.01720031     0.03513177   0.01275093    -0.06181212  -0.08071711
  0.03513177   0.01275093    -0.04551420  -0.02397130    -0.13578091   0.08508394
 -0.06181212  -0.08071711    -0.13578091   0.08508394    -0.04182120  -0.02047282
    2    1
 -0.05123721   0.01720031     0.03513177  -0.01275093    -0.06181212   0.08071711
  0.03513177  -0.01275093    -0.04551420   0.02397130    -0.13578091  -0.08508394
 -0.06181212   0.08071711    -0.13578091  -0.08508394    -0.04182120   0.02047282
    2    2
  0.31988139  -0.00000000     0.00209276  -0.01866922    -0.00495622   0.00138110
  0.00209276   0.01866922     0.28361945  -0.00000000    -0.00575034  -0.00130789
 -0.00495622  -0.00138110    -0.00575034   0.00130789     0.26617362  -0.00000000

     Dynamical  Matrix in cartesian axes

     q = (   -0.125000000  -0.875000000  -0.625000000 ) 

    1    1
  0.31988139   0.00000000     0.00209276   0.01866922     0.00495622   0.00138110
  0.00209276  -0.01866922     0.28361945   0.00000000     0.00575034  -0.00130789
  0.00495622  -0.00138110     0.00575034   0.00130789     0.26617362   0.00000000
    1    2
  0.05123721   0.01720031    -0.03513177  -0.01275093    -0.06181212  -0.08071711
 -0.03513177  -0.01275093     0.04551420   0.02397130    -0.13578091   0.08508394
 -0.06181212  -0.08071711    -0.13578091   0.08508394     0.04182120   0.02047282
    2    1
  0.05123721  -0.01720031    -0.03513177   0.01275093    -0.06181212   0.08071711
 -0.03513177   0.01275093     0.04551420  -0.02397130    -0.13578091  -0.08508394
 -0.06181212   0.08071711    -0.13578091  -0.08508394     0.04182120  -0.02047282
    2    2
  0.31988139  -0.00000000     0.00209276  -0.01866922     0.00495622  -0.00138110
  0.00209276   0.01866922     0.28361945  -0.00000000     0.00575034   0.00130789
  0.00495622   0.00138110     0.00575034  -0.00130789     0.26617362  -0.00000000

     Dynamical  Matrix in cartesian axes

     q = (   -0.125000000   0.625000000  -0.875000000 ) 

    1    1
  0.31988139   0.00000000    -0.00495622   0.00138110     0.00209276  -0.01866922
 -0.00495622  -0.00138110     0.26617362   0.00000000    -0.00575034   0.00130789
  0.00209276   0.01866922    -0.00575034  -0.00130789     0.28361945  -0.00000000
    1    2
 -0.05123721   0.01720031    -0.06181212   0.08071711     0.03513177  -0.01275093
 -0.06181212   0.08071711    -0.04182120   0.02047282    -0.13578091  -0.08508394
  0.03513177  -0.01275093    -0.13578091  -0.08508394    -0.04551420   0.02397130
    2    1
 -0.05123721  -0.01720031    -0.06181212  -0.08071711     0.03513177   0.01275093
 -0.06181212  -0.08071711    -0.04182120  -0.02047282    -0.13578091   0.08508394
  0.03513177   0.01275093    -0.13578091   0.08508394    -0.04551420  -0.02397130
    2    2
  0.31988139  -0.00000000    -0.00495622  -0.00138110     0.00209276   0.01866922
 -0.00495622   0.00138110     0.26617362   0.00000000    -0.00575034  -0.00130789
  0.00209276  -0.01866922    -0.00575034   0.00130789     0.28361945   0.00000000

     Dynamical  Matrix in cartesian axes

     q = (    0.875000000   0.625000000  -0.125000000 ) 

    1    1
  0.28361945  -0.00000000     0.00575034  -0.00130789    -0.00209276   0.01866922
  0.00575034   0.00130789     0.26617362   0.00000000    -0.00495622   0.00138110
 -0.00209276  -0.01866922    -0.00495622  -0.00138110     0.31988139   0.00000000
    1    2
 -0.02397130   0.04551420    -0.08508394  -0.13578091    -0.01275093   0.03513177
 -0.08508394  -0.13578091    -0.02047282   0.04182120    -0.08071711   0.06181212
 -0.01275093   0.03513177    -0.08071711   0.06181212    -0.01720031   0.05123721
    2    1
 -0.02397130  -0.04551420    -0.08508394   0.13578091    -0.01275093  -0.03513177
 -0.08508394   0.13578091    -0.02047282  -0.04182120    -0.08071711  -0.06181212
 -0.01275093  -0.03513177    -0.08071711  -0.06181212    -0.01720031  -0.05123721
    2    2
  0.28361945   0.00000000     0.00575034   0.00130789    -0.00209276  -0.01866922
  0.00575034  -0.00130789     0.26617362  -0.00000000    -0.00495622  -0.00138110
 -0.00209276   0.01866922    -0.00495622   0.00138110     0.31988139  -0.00000000

     Dynamical  Matrix in cartesian axes

     q = (   -0.125000000   0.875000000  -0.625000000 ) 

    1    1
  0.31988139   0.00000000    -0.00209276   0.01866922     0.00495622  -0.00138110
 -0.00209276  -0.01866922     0.28361945   0.00000000    -0.00575034  -0.00130789
  0.00495622   0.00138110    -0.00575034   0.00130789     0.26617362   0.00000000
    1    2
 -0.02406772   0.04839263    -0.01582565   0.03385818    -0.01336785  -0.10078339
 -0.01582565   0.03385818    -0.01523313   0.04913367    -0.15617503   0.03584817
 -0.01336785  -0.10078339    -0.15617503   0.03584817    -0.01509558   0.04404853
    2    1
 -0.02406772  -0.04839263    -0.01582565  -0.03385818    -0.01336785   0.10078339
 -0.01582565  -0.03385818    -0.01523313  -0.04913367    -0.15617503  -0.03584817
 -0.01336785   0.10078339    -0.15617503  -0.03584817    -0.01509558  -0.04404853
    2    2
  0.31988139  -0.00000000    -0.00209276  -0.01866922     0.00495622   0.00138110
 -0.00209276   0.01866922     0.28361945  -0.00000000    -0.00575034   0.00130789
  0.00495622  -0.00138110    -0.00575034  -0.00130789     0.26617362   0.00000000

     Dynamical  Matrix in cartesian axes

     q = (   -0.875000000  -0.625000000  -0.125000000 ) 

    1    1
  0.28361945   0.00000000     0.00575034  -0.00130789     0.00209276  -0.01866922
  0.00575034   0.00130789     0.26617362   0.00000000     0.00495622  -0.00138110
  0.00209276   0.01866922     0.00495622   0.00138110     0.31988139  -0.00000000
    1    2
  0.04551420   0.02397130    -0.13578091   0.08508394    -0.03513177  -0.01275093
 -0.13578091   0.08508394     0.04182120   0.02047282    -0.06181212  -0.08071711
 -0.03513177  -0.01275093    -0.06181212  -0.08071711     0.05123721   0.01720031
    2    1
  0.04551420  -0.02397130    -0.13578091  -0.08508394    -0.03513177   0.01275093
 -0.13578091  -0.08508394     0.04182120  -0.02047282    -0.06181212   0.08071711
 -0.03513177   0.01275093    -0.06181212   0.08071711     0.05123721  -0.01720031
    2    2
  0.28361945  -0.00000000     0.00575034   0.00130789     0.00209276   0.01866922
  0.00575034  -0.00130789     0.26617362  -0.00000000     0.00495622   0.00138110
  0.00209276  -0.01866922     0.00495622  -0.00138110     0.31988139   0.00000000

     Dynamical  Matrix in cartesian axes

     q = (   -0.875000000   0.625000000   0.125000000 ) 

    1    1
  0.28361945  -0.00000000    -0.00575034   0.00130789    -0.00209276   0.01866922
 -0.00575034  -0.00130789     0.26617362   0.00000000     0.00495622  -0.00138110
 -0.00209276  -0.01866922     0.00495622   0.00138110     0.31988139   0.00000000
    1    2
 -0.01523313  -0.04913367    -0.15617503  -0.03584817    -0.01582565  -0.03385818
 -0.15617503  -0.03584817    -0.01509558  -0.04404853    -0.01336785   0.10078339
 -0.01582565  -0.03385818    -0.01336785   0.10078339    -0.02406772  -0.04839263
    2    1
 -0.01523313   0.04913367    -0.15617503   0.03584817    -0.01582565   0.03385818
 -0.15617503   0.03584817    -0.01509558   0.04404853    -0.01336785  -0.10078339
 -0.01582565   0.03385818    -0.01336785  -0.10078339    -0.02406772   0.04839263
    2    2
  0.28361945   0.00000000    -0.00575034  -0.00130789    -0.00209276  -0.01866922
 -0.00575034   0.00130789     0.26617362  -0.00000000     0.00495622   0.00138110
 -0.00209276   0.01866922     0.00495622  -0.00138110     0.31988139   0.00000000

     Dynamical  Matrix in cartesian axes

     q = (    0.125000000  -0.625000000   0.875000000 ) 

    1    1
  0.31988139  -0.00000000    -0.00495622  -0.00138110     0.00209276   0.01866922
 -0.00495622   0.00138110     0.26617362   0.00000000    -0.00575034  -0.00130789
  0.00209276  -0.01866922    -0.00575034   0.00130789     0.28361945   0.00000000
    1    2
 -0.05123721  -0.01720031    -0.06181212  -0.08071711     0.03513177   0.01275093
 -0.06181212  -0.08071711    -0.04182120  -0.02047282    -0.13578091   0.08508394
  0.03513177   0.01275093    -0.13578091   0.08508394    -0.04551420  -0.02397130
    2    1
 -0.05123721   0.01720031    -0.06181212   0.08071711     0.03513177  -0.01275093
 -0.06181212   0.08071711    -0.04182120   0.02047282    -0.13578091  -0.08508394
  0.03513177  -0.01275093    -0.13578091  -0.08508394    -0.04551420   0.02397130
    2    2
  0.31988139   0.00000000    -0.00495622   0.00138110     0.00209276  -0.01866922
 -0.00495622  -0.00138110     0.26617362   0.00000000    -0.00575034   0.00130789
  0.00209276   0.01866922    -0.00575034  -0.00130789     0.28361945  -0.00000000

     Dynamical  Matrix in cartesian axes

     q = (    0.125000000  -0.875000000   0.625000000 ) 

    1    1
  0.31988139  -0.00000000    -0.00209276  -0.01866922     0.00495622   0.00138110
 -0.00209276   0.01866922     0.28361945  -0.00000000    -0.00575034   0.00130789
  0.00495622  -0.00138110    -0.00575034  -0.00130789     0.26617362   0.00000000
    1    2
 -0.02406772  -0.04839263    -0.01582565  -0.03385818    -0.01336785   0.10078339
 -0.01582565  -0.03385818    -0.01523313  -0.04913367    -0.15617503  -0.03584817
 -0.01336785   0.10078339    -0.15617503  -0.03584817    -0.01509558  -0.04404853
    2    1
 -0.02406772   0.04839263    -0.01582565   0.03385818    -0.01336785  -0.10078339
 -0.01582565   0.03385818    -0.01523313   0.04913367    -0.15617503   0.03584817
 -0.01336785  -0.10078339    -0.15617503   0.03584817    -0.01509558   0.04404853
    2    2
  0.31988139   0.00000000    -0.00209276   0.01866922     0.00495622  -0.00138110
 -0.00209276  -0.01866922     0.28361945   0.00000000    -0.00575034  -0.00130789
  0.00495622   0.00138110    -0.00575034   0.00130789     0.26617362   0.00000000

     Dynamical  Matrix in cartesian axes

     q = (    0.625000000  -0.875000000   0.125000000 ) 

    1    1
  0.26617362   0.00000000    -0.00575034  -0.00130789     0.00495622  -0.00138110
 -0.00575034   0.00130789     0.28361945   0.00000000    -0.00209276   0.01866922
  0.00495622   0.00138110    -0.00209276  -0.01866922     0.31988139   0.00000000
    1    2
 -0.01509558  -0.04404853    -0.15617503  -0.03584817    -0.01336785   0.10078339
 -0.15617503  -0.03584817    -0.01523313  -0.04913367    -0.01582565  -0.03385818
 -0.01336785   0.10078339    -0.01582565  -0.03385818    -0.02406772  -0.04839263
    2    1
 -0.01509558   0.04404853    -0.15617503   0.03584817    -0.01336785  -0.10078339
 -0.15617503   0.03584817    -0.01523313   0.04913367    -0.01582565   0.03385818
 -0.01336785  -0.10078339    -0.01582565   0.03385818    -0.02406772   0.04839263
    2    2
  0.26617362   0.00000000    -0.00575034   0.00130789     0.00495622   0.00138110
 -0.00575034  -0.00130789     0.28361945  -0.00000000    -0.00209276  -0.01866922
  0.00495622  -0.00138110    -0.00209276   0.01866922     0.31988139   0.00000000

     Dynamical  Matrix in cartesian axes

     q = (   -0.875000000   0.625000000  -0.125000000 ) 

    1    1
  0.28361945  -0.00000000    -0.00575034  -0.00130789     0.00209276   0.01866922
 -0.00575034   0.00130789     0.26617362   0.00000000    -0.00495622  -0.00138110
  0.00209276  -0.01866922    -0.00495622   0.00138110     0.31988139   0.00000000
    1    2
 -0.04551420   0.02397130    -0.13578091  -0.08508394     0.03513177  -0.01275093
 -0.13578091  -0.08508394    -0.04182120   0.02047282    -0.06181212   0.08071711
  0.03513177  -0.01275093    -0.06181212   0.08071711    -0.05123721   0.01720031
    2    1
 -0.04551420  -0.02397130    -0.13578091   0.08508394     0.03513177   0.01275093
 -0.13578091   0.08508394    -0.04182120  -0.02047282    -0.06181212  -0.08071711
  0.03513177   0.01275093    -0.06181212  -0.08071711    -0.05123721  -0.01720031
    2    2
  0.28361945   0.00000000    -0.00575034   0.00130789     0.00209276  -0.01866922
 -0.00575034  -0.00130789     0.26617362   0.00000000    -0.00495622   0.00138110
  0.00209276   0.01866922    -0.00495622  -0.00138110     0.31988139   0.00000000

     Dynamical  Matrix in cartesian axes

     q = (    0.125000000   0.625000000   0.875000000 ) 

    1    1
  0.31988139   0.00000000     0.00495622  -0.00138110     0.00209276  -0.01866922
  0.00495622   0.00138110     0.26617362  -0.00000000     0.00575034  -0.00130789
  0.00209276   0.01866922     0.00575034   0.00130789     0.28361945  -0.00000000
    1    2
  0.05123721  -0.01720031    -0.06181212   0.08071711    -0.03513177   0.01275093
 -0.06181212   0.08071711     0.04182120  -0.02047282    -0.13578091  -0.08508394
 -0.03513177   0.01275093    -0.13578091  -0.08508394     0.04551420  -0.02397130
    2    1
  0.05123721   0.01720031    -0.06181212  -0.08071711    -0.03513177  -0.01275093
 -0.06181212  -0.08071711     0.04182120   0.02047282    -0.13578091   0.08508394
 -0.03513177  -0.01275093    -0.13578091   0.08508394     0.04551420   0.02397130
    2    2
  0.31988139  -0.00000000     0.00495622   0.00138110     0.00209276   0.01866922
  0.00495622  -0.00138110     0.26617362   0.00000000     0.00575034   0.00130789
  0.00209276  -0.01866922     0.00575034  -0.00130789     0.28361945   0.00000000

     Dynamical  Matrix in cartesian axes

     q = (   -0.125000000   0.625000000   0.875000000 ) 

    1    1
  0.31988139   0.00000000    -0.00495622  -0.00138110    -0.00209276  -0.01866922
 -0.00495622   0.00138110     0.26617362   0.00000000     0.00575034   0.00130789
 -0.00209276   0.01866922     0.00575034  -0.00130789     0.28361945  -0.00000000
    1    2
 -0.01720031   0.05123721    -0.08071711   0.06181212    -0.01275093   0.03513177
 -0.08071711   0.06181212    -0.02047282   0.04182120    -0.08508394  -0.13578091
 -0.01275093   0.03513177    -0.08508394  -0.13578091    -0.02397130   0.04551420
    2    1
 -0.01720031  -0.05123721    -0.08071711  -0.06181212    -0.01275093  -0.03513177
 -0.08071711  -0.06181212    -0.02047282  -0.04182120    -0.08508394   0.13578091
 -0.01275093  -0.03513177    -0.08508394   0.13578091    -0.02397130  -0.04551420
    2    2
  0.31988139  -0.00000000    -0.00495622   0.00138110    -0.00209276   0.01866922
 -0.00495622  -0.00138110     0.26617362  -0.00000000     0.00575034  -0.00130789
 -0.00209276  -0.01866922     0.00575034   0.00130789     0.28361945   0.00000000

     Dynamical  Matrix in cartesian axes

     q = (    0.125000000   0.625000000  -0.875000000 ) 

    1    1
  0.31988139   0.00000000     0.00495622   0.00138110    -0.00209276  -0.01866922
  0.00495622  -0.00138110     0.26617362   0.00000000    -0.00575034  -0.00130789
 -0.00209276   0.01866922    -0.00575034   0.00130789     0.28361945  -0.00000000
    1    2
 -0.02406772  -0.04839263    -0.01336785   0.10078339    -0.01582565  -0.03385818
 -0.01336785   0.10078339    -0.01509558  -0.04404853    -0.15617503  -0.03584817
 -0.01582565  -0.03385818    -0.15617503  -0.03584817    -0.01523313  -0.04913367
    2    1
 -0.02406772   0.04839263    -0.01336785  -0.10078339    -0.01582565   0.03385818
 -0.01336785  -0.10078339    -0.01509558   0.04404853    -0.15617503   0.03584817
 -0.01582565   0.03385818    -0.15617503   0.03584817    -0.01523313   0.04913367
    2    2
  0.31988139  -0.00000000     0.00495622  -0.00138110    -0.00209276   0.01866922
  0.00495622   0.00138110     0.26617362  -0.00000000    -0.00575034   0.00130789
 -0.00209276  -0.01866922    -0.00575034  -0.00130789     0.28361945   0.00000000

     Dynamical  Matrix in cartesian axes

     q = (   -0.125000000  -0.625000000  -0.875000000 ) 

    1    1
  0.31988139  -0.00000000     0.00495622   0.00138110     0.00209276   0.01866922
  0.00495622  -0.00138110     0.26617362   0.00000000     0.00575034   0.00130789
  0.00209276  -0.01866922     0.00575034  -0.00130789     0.28361945   0.00000000
    1    2
  0.05123721   0.01720031    -0.06181212  -0.08071711    -0.03513177  -0.01275093
 -0.06181212  -0.08071711     0.04182120   0.02047282    -0.13578091   0.08508394
 -0.03513177  -0.01275093    -0.13578091   0.08508394     0.04551420   0.02397130
    2    1
  0.05123721  -0.01720031    -0.06181212   0.08071711    -0.03513177   0.01275093
 -0.06181212   0.08071711     0.04182120  -0.02047282    -0.13578091  -0.08508394
 -0.03513177   0.01275093    -0.13578091  -0.08508394     0.04551420  -0.02397130
    2    2
  0.31988139   0.00000000     0.00495622  -0.00138110     0.00209276  -0.01866922
  0.00495622   0.00138110     0.26617362  -0.00000000     0.00575034  -0.00130789
  0.00209276   0.01866922     0.00575034   0.00130789     0.28361945  -0.00000000

     Dynamical  Matrix in cartesian axes

     q = (   -0.625000000  -0.875000000   0.125000000 ) 

    1    1
  0.26617362  -0.00000000     0.00575034  -0.00130789    -0.00495622  -0.00138110
  0.00575034   0.00130789     0.28361945  -0.00000000    -0.00209276  -0.01866922
 -0.00495622   0.00138110    -0.00209276   0.01866922     0.31988139  -0.00000000
    1    2
 -0.02047282  -0.04182120    -0.08508394   0.13578091    -0.08071711  -0.06181212
 -0.08508394   0.13578091    -0.02397130  -0.04551420    -0.01275093  -0.03513177
 -0.08071711  -0.06181212    -0.01275093  -0.03513177    -0.01720031  -0.05123721
    2    1
 -0.02047282   0.04182120    -0.08508394  -0.13578091    -0.08071711   0.06181212
 -0.08508394  -0.13578091    -0.02397130   0.04551420    -0.01275093   0.03513177
 -0.08071711   0.06181212    -0.01275093   0.03513177    -0.01720031   0.05123721
    2    2
  0.26617362   0.00000000     0.00575034   0.00130789    -0.00495622   0.00138110
  0.00575034  -0.00130789     0.28361945   0.00000000    -0.00209276   0.01866922
 -0.00495622  -0.00138110    -0.00209276  -0.01866922     0.31988139   0.00000000

     Dynamical  Matrix in cartesian axes

     q = (   -0.125000000  -0.625000000   0.875000000 ) 

    1    1
  0.31988139  -0.00000000     0.00495622  -0.00138110    -0.00209276   0.01866922
  0.00495622   0.00138110     0.26617362  -0.00000000    -0.00575034   0.00130789
 -0.00209276  -0.01866922    -0.00575034  -0.00130789     0.28361945   0.00000000
    1    2
 -0.02406772   0.04839263    -0.01336785  -0.10078339    -0.01582565   0.03385818
 -0.01336785  -0.10078339    -0.01509558   0.04404853    -0.15617503   0.03584817
 -0.01582565   0.03385818    -0.15617503   0.03584817    -0.01523313   0.04913367
    2    1
 -0.02406772  -0.04839263    -0.01336785   0.10078339    -0.01582565  -0.03385818
 -0.01336785   0.10078339    -0.01509558  -0.04404853    -0.15617503  -0.03584817
 -0.01582565  -0.03385818    -0.15617503  -0.03584817    -0.01523313  -0.04913367
    2    2
  0.31988139   0.00000000     0.00495622   0.00138110    -0.00209276  -0.01866922
  0.00495622  -0.00138110     0.26617362   0.00000000    -0.00575034  -0.00130789
 -0.00209276   0.01866922    -0.00575034   0.00130789     0.28361945  -0.00000000

     Dynamical  Matrix in cartesian axes

     q = (    0.875000000  -0.625000000   0.125000000 ) 

    1    1
  0.28361945   0.00000000    -0.00575034   0.00130789     0.00209276  -0.01866922
 -0.00575034  -0.00130789     0.26617362   0.00000000    -0.00495622   0.00138110
  0.00209276   0.01866922    -0.00495622  -0.00138110     0.31988139   0.00000000
    1    2
 -0.04551420  -0.02397130    -0.13578091   0.08508394     0.03513177   0.01275093
 -0.13578091   0.08508394    -0.04182120  -0.02047282    -0.06181212  -0.08071711
  0.03513177   0.01275093    -0.06181212  -0.08071711    -0.05123721  -0.01720031
    2    1
 -0.04551420   0.02397130    -0.13578091  -0.08508394     0.03513177  -0.01275093
 -0.13578091  -0.08508394    -0.04182120   0.02047282    -0.06181212   0.08071711
  0.03513177  -0.01275093    -0.06181212   0.08071711    -0.05123721   0.01720031
    2    2
  0.28361945  -0.00000000    -0.00575034  -0.00130789     0.00209276   0.01866922
 -0.00575034   0.00130789     0.26617362   0.00000000    -0.00495622  -0.00138110
  0.00209276  -0.01866922    -0.00495622   0.00138110     0.31988139   0.00000000

     Dynamical  Matrix in cartesian axes

     q = (    0.625000000   0.875000000   0.125000000 ) 

    1    1
  0.26617362  -0.00000000     0.00575034  -0.00130789     0.00495622   0.00138110
  0.00575034   0.00130789     0.28361945   0.00000000     0.00209276   0.01866922
  0.00495622  -0.00138110     0.00209276  -0.01866922     0.31988139  -0.00000000
    1    2
  0.04182120  -0.02047282    -0.13578091  -0.08508394    -0.06181212   0.08071711
 -0.13578091  -0.08508394     0.04551420  -0.02397130    -0.03513177   0.01275093
 -0.06181212   0.08071711    -0.03513177   0.01275093     0.05123721  -0.01720031
    2    1
  0.04182120   0.02047282    -0.13578091   0.08508394    -0.06181212  -0.08071711
 -0.13578091   0.08508394     0.04551420   0.02397130    -0.03513177  -0.01275093
 -0.06181212  -0.08071711    -0.03513177  -0.01275093     0.05123721   0.01720031
    2    2
  0.26617362   0.00000000     0.00575034   0.00130789     0.00495622  -0.00138110
  0.00575034  -0.00130789     0.28361945  -0.00000000     0.00209276  -0.01866922
  0.00495622   0.00138110     0.00209276   0.01866922     0.31988139   0.00000000

     Dynamical  Matrix in cartesian axes

     q = (    0.125000000  -0.625000000  -0.875000000 ) 

    1    1
  0.31988139  -0.00000000    -0.00495622   0.00138110    -0.00209276   0.01866922
 -0.00495622  -0.00138110     0.26617362  -0.00000000     0.00575034  -0.00130789
 -0.00209276  -0.01866922     0.00575034   0.00130789     0.28361945   0.00000000
    1    2
 -0.01720031  -0.05123721    -0.08071711  -0.06181212    -0.01275093  -0.03513177
 -0.08071711  -0.06181212    -0.02047282  -0.04182120    -0.08508394   0.13578091
 -0.01275093  -0.03513177    -0.08508394   0.13578091    -0.02397130  -0.04551420
    2    1
 -0.01720031   0.05123721    -0.08071711   0.06181212    -0.01275093   0.03513177
 -0.08071711   0.06181212    -0.02047282   0.04182120    -0.08508394  -0.13578091
 -0.01275093   0.03513177    -0.08508394  -0.13578091    -0.02397130   0.04551420
    2    2
  0.31988139   0.00000000    -0.00495622  -0.00138110    -0.00209276  -0.01866922
 -0.00495622   0.00138110     0.26617362   0.00000000     0.00575034   0.00130789
 -0.00209276   0.01866922     0.00575034  -0.00130789     0.28361945  -0.00000000

     Dynamical  Matrix in cartesian axes

     q = (    0.625000000   0.875000000  -0.125000000 ) 

    1    1
  0.26617362   0.00000000     0.00575034   0.00130789    -0.00495622   0.00138110
  0.00575034  -0.00130789     0.28361945   0.00000000    -0.00209276   0.01866922
 -0.00495622  -0.00138110    -0.00209276  -0.01866922     0.31988139   0.00000000
    1    2
 -0.02047282   0.04182120    -0.08508394  -0.13578091    -0.08071711   0.06181212
 -0.08508394  -0.13578091    -0.02397130   0.04551420    -0.01275093   0.03513177
 -0.08071711   0.06181212    -0.01275093   0.03513177    -0.01720031   0.05123721
    2    1
 -0.02047282  -0.04182120    -0.08508394   0.13578091    -0.08071711  -0.06181212
 -0.08508394   0.13578091    -0.02397130  -0.04551420    -0.01275093  -0.03513177
 -0.08071711  -0.06181212    -0.01275093  -0.03513177    -0.01720031  -0.05123721
    2    2
  0.26617362  -0.00000000     0.00575034  -0.00130789    -0.00495622  -0.00138110
  0.00575034   0.00130789     0.28361945  -0.00000000    -0.00209276  -0.01866922
 -0.00495622   0.00138110    -0.00209276   0.01866922     0.31988139  -0.00000000

     Dynamical  Matrix in cartesian axes

     q = (   -0.625000000  -0.875000000  -0.125000000 ) 

    1    1
  0.26617362   0.00000000     0.00575034   0.00130789     0.00495622  -0.00138110
  0.00575034  -0.00130789     0.28361945  -0.00000000     0.00209276  -0.01866922
  0.00495622   0.00138110     0.00209276   0.01866922     0.31988139   0.00000000
    1    2
  0.04182120   0.02047282    -0.13578091   0.08508394    -0.06181212  -0.08071711
 -0.13578091   0.08508394     0.04551420   0.02397130    -0.03513177  -0.01275093
 -0.06181212  -0.08071711    -0.03513177  -0.01275093     0.05123721   0.01720031
    2    1
  0.04182120  -0.02047282    -0.13578091  -0.08508394    -0.06181212   0.08071711
 -0.13578091  -0.08508394     0.04551420  -0.02397130    -0.03513177   0.01275093
 -0.06181212   0.08071711    -0.03513177   0.01275093     0.05123721  -0.01720031
    2    2
  0.26617362  -0.00000000     0.00575034  -0.00130789     0.00495622   0.00138110
  0.00575034   0.00130789     0.28361945   0.00000000     0.00209276   0.01866922
  0.00495622  -0.00138110     0.00209276  -0.01866922     0.31988139  -0.00000000

     Dynamical  Matrix in cartesian axes

     q = (   -0.625000000   0.875000000  -0.125000000 ) 

    1    1
  0.26617362   0.00000000    -0.00575034   0.00130789     0.00495622   0.00138110
 -0.00575034  -0.00130789     0.28361945  -0.00000000    -0.00209276  -0.01866922
  0.00495622  -0.00138110    -0.00209276   0.01866922     0.31988139   0.00000000
    1    2
 -0.01509558   0.04404853    -0.15617503   0.03584817    -0.01336785  -0.10078339
 -0.15617503   0.03584817    -0.01523313   0.04913367    -0.01582565   0.03385818
 -0.01336785  -0.10078339    -0.01582565   0.03385818    -0.02406772   0.04839263
    2    1
 -0.01509558  -0.04404853    -0.15617503  -0.03584817    -0.01336785   0.10078339
 -0.15617503  -0.03584817    -0.01523313  -0.04913367    -0.01582565  -0.03385818
 -0.01336785   0.10078339    -0.01582565  -0.03385818    -0.02406772  -0.04839263
    2    2
  0.26617362   0.00000000    -0.00575034  -0.00130789     0.00495622  -0.00138110
 -0.00575034   0.00130789     0.28361945   0.00000000    -0.00209276   0.01866922
  0.00495622   0.00138110    -0.00209276  -0.01866922     0.31988139   0.00000000

     Dynamical  Matrix in cartesian axes

     q = (    0.125000000  -0.875000000  -0.625000000 ) 

    1    1
  0.31988139   0.00000000    -0.00209276   0.01866922    -0.00495622   0.00138110
 -0.00209276  -0.01866922     0.28361945   0.00000000     0.00575034   0.00130789
 -0.00495622  -0.00138110     0.00575034  -0.00130789     0.26617362  -0.00000000
    1    2
 -0.01720031  -0.05123721    -0.01275093  -0.03513177    -0.08071711  -0.06181212
 -0.01275093  -0.03513177    -0.02397130  -0.04551420    -0.08508394   0.13578091
 -0.08071711  -0.06181212    -0.08508394   0.13578091    -0.02047282  -0.04182120
    2    1
 -0.01720031   0.05123721    -0.01275093   0.03513177    -0.08071711   0.06181212
 -0.01275093   0.03513177    -0.02397130   0.04551420    -0.08508394  -0.13578091
 -0.08071711   0.06181212    -0.08508394  -0.13578091    -0.02047282   0.04182120
    2    2
  0.31988139   0.00000000    -0.00209276  -0.01866922    -0.00495622  -0.00138110
 -0.00209276   0.01866922     0.28361945  -0.00000000     0.00575034  -0.00130789
 -0.00495622   0.00138110     0.00575034   0.00130789     0.26617362   0.00000000

     Dynamical  Matrix in cartesian axes

     q = (   -0.125000000  -0.875000000   0.625000000 ) 

    1    1
  0.31988139  -0.00000000     0.00209276  -0.01866922    -0.00495622   0.00138110
  0.00209276   0.01866922     0.28361945  -0.00000000    -0.00575034  -0.00130789
 -0.00495622  -0.00138110    -0.00575034   0.00130789     0.26617362  -0.00000000
    1    2
 -0.05123721   0.01720031     0.03513177  -0.01275093    -0.06181212   0.08071711
  0.03513177  -0.01275093    -0.04551420   0.02397130    -0.13578091  -0.08508394
 -0.06181212   0.08071711    -0.13578091  -0.08508394    -0.04182120   0.02047282
    2    1
 -0.05123721  -0.01720031     0.03513177   0.01275093    -0.06181212  -0.08071711
  0.03513177   0.01275093    -0.04551420  -0.02397130    -0.13578091   0.08508394
 -0.06181212  -0.08071711    -0.13578091   0.08508394    -0.04182120  -0.02047282
    2    2
  0.31988139   0.00000000     0.00209276   0.01866922    -0.00495622  -0.00138110
  0.00209276  -0.01866922     0.28361945   0.00000000    -0.00575034   0.00130789
 -0.00495622   0.00138110    -0.00575034  -0.00130789     0.26617362   0.00000000

     Dynamical  Matrix in cartesian axes

     q = (    0.125000000   0.875000000   0.625000000 ) 

    1    1
  0.31988139  -0.00000000     0.00209276  -0.01866922     0.00495622  -0.00138110
  0.00209276   0.01866922     0.28361945  -0.00000000     0.00575034   0.00130789
  0.00495622   0.00138110     0.00575034  -0.00130789     0.26617362  -0.00000000
    1    2
  0.05123721  -0.01720031    -0.03513177   0.01275093    -0.06181212   0.08071711
 -0.03513177   0.01275093     0.04551420  -0.02397130    -0.13578091  -0.08508394
 -0.06181212   0.08071711    -0.13578091  -0.08508394     0.04182120  -0.02047282
    2    1
  0.05123721   0.01720031    -0.03513177  -0.01275093    -0.06181212  -0.08071711
 -0.03513177  -0.01275093     0.04551420   0.02397130    -0.13578091   0.08508394
 -0.06181212  -0.08071711    -0.13578091   0.08508394     0.04182120   0.02047282
    2    2
  0.31988139   0.00000000     0.00209276   0.01866922     0.00495622   0.00138110
  0.00209276  -0.01866922     0.28361945   0.00000000     0.00575034  -0.00130789
  0.00495622  -0.00138110     0.00575034   0.00130789     0.26617362   0.00000000

     Dynamical  Matrix in cartesian axes

     q = (    0.625000000  -0.875000000  -0.125000000 ) 

    1    1
  0.26617362  -0.00000000    -0.00575034   0.00130789    -0.00495622  -0.00138110
 -0.00575034  -0.00130789     0.28361945   0.00000000     0.00209276   0.01866922
 -0.00495622   0.00138110     0.00209276  -0.01866922     0.31988139   0.00000000
    1    2
 -0.04182120   0.02047282    -0.13578091  -0.08508394    -0.06181212   0.08071711
 -0.13578091  -0.08508394    -0.04551420   0.02397130     0.03513177  -0.01275093
 -0.06181212   0.08071711     0.03513177  -0.01275093    -0.05123721   0.01720031
    2    1
 -0.04182120  -0.02047282    -0.13578091   0.08508394    -0.06181212  -0.08071711
 -0.13578091   0.08508394    -0.04551420  -0.02397130     0.03513177   0.01275093
 -0.06181212  -0.08071711     0.03513177   0.01275093    -0.05123721  -0.01720031
    2    2
  0.26617362   0.00000000    -0.00575034  -0.00130789    -0.00495622   0.00138110
 -0.00575034   0.00130789     0.28361945  -0.00000000     0.00209276  -0.01866922
 -0.00495622  -0.00138110     0.00209276   0.01866922     0.31988139   0.00000000

     Dynamical  Matrix in cartesian axes

     q = (   -0.875000000  -0.625000000   0.125000000 ) 

    1    1
  0.28361945   0.00000000     0.00575034   0.00130789    -0.00209276  -0.01866922
  0.00575034  -0.00130789     0.26617362  -0.00000000    -0.00495622  -0.00138110
 -0.00209276   0.01866922    -0.00495622   0.00138110     0.31988139  -0.00000000
    1    2
 -0.02397130  -0.04551420    -0.08508394   0.13578091    -0.01275093  -0.03513177
 -0.08508394   0.13578091    -0.02047282  -0.04182120    -0.08071711  -0.06181212
 -0.01275093  -0.03513177    -0.08071711  -0.06181212    -0.01720031  -0.05123721
    2    1
 -0.02397130   0.04551420    -0.08508394  -0.13578091    -0.01275093   0.03513177
 -0.08508394  -0.13578091    -0.02047282   0.04182120    -0.08071711   0.06181212
 -0.01275093   0.03513177    -0.08071711   0.06181212    -0.01720031   0.05123721
    2    2
  0.28361945  -0.00000000     0.00575034  -0.00130789    -0.00209276   0.01866922
  0.00575034   0.00130789     0.26617362   0.00000000    -0.00495622   0.00138110
 -0.00209276  -0.01866922    -0.00495622  -0.00138110     0.31988139   0.00000000

     Dynamical  Matrix in cartesian axes

     q = (   -0.625000000   0.875000000   0.125000000 ) 

    1    1
  0.26617362   0.00000000    -0.00575034  -0.00130789    -0.00495622   0.00138110
 -0.00575034   0.00130789     0.28361945  -0.00000000     0.00209276  -0.01866922
 -0.00495622  -0.00138110     0.00209276   0.01866922     0.31988139   0.00000000
    1    2
 -0.04182120  -0.02047282    -0.13578091   0.08508394    -0.06181212  -0.08071711
 -0.13578091   0.08508394    -0.04551420  -0.02397130     0.03513177   0.01275093
 -0.06181212  -0.08071711     0.03513177   0.01275093    -0.05123721  -0.01720031
    2    1
 -0.04182120   0.02047282    -0.13578091  -0.08508394    -0.06181212   0.08071711
 -0.13578091  -0.08508394    -0.04551420   0.02397130     0.03513177  -0.01275093
 -0.06181212   0.08071711     0.03513177  -0.01275093    -0.05123721   0.01720031
    2    2
  0.26617362  -0.00000000    -0.00575034   0.00130789    -0.00495622  -0.00138110
 -0.00575034  -0.00130789     0.28361945   0.00000000     0.00209276   0.01866922
 -0.00495622   0.00138110     0.00209276  -0.01866922     0.31988139   0.00000000

     Dynamical  Matrix in cartesian axes

     q = (    0.875000000   0.625000000   0.125000000 ) 

    1    1
  0.28361945  -0.00000000     0.00575034   0.00130789     0.00209276   0.01866922
  0.00575034  -0.00130789     0.26617362  -0.00000000     0.00495622   0.00138110
  0.00209276  -0.01866922     0.00495622  -0.00138110     0.31988139   0.00000000
    1    2
  0.04551420  -0.02397130    -0.13578091  -0.08508394    -0.03513177   0.01275093
 -0.13578091  -0.08508394     0.04182120  -0.02047282    -0.06181212   0.08071711
 -0.03513177   0.01275093    -0.06181212   0.08071711     0.05123721  -0.01720031
    2    1
  0.04551420   0.02397130    -0.13578091   0.08508394    -0.03513177  -0.01275093
 -0.13578091   0.08508394     0.04182120   0.02047282    -0.06181212  -0.08071711
 -0.03513177  -0.01275093    -0.06181212  -0.08071711     0.05123721   0.01720031
    2    2
  0.28361945   0.00000000     0.00575034  -0.00130789     0.00209276  -0.01866922
  0.00575034   0.00130789     0.26617362   0.00000000     0.00495622  -0.00138110
  0.00209276   0.01866922     0.00495622   0.00138110     0.31988139  -0.00000000

     Dynamical  Matrix in cartesian axes

     q = (    0.875000000  -0.625000000  -0.125000000 ) 

    1    1
  0.28361945   0.00000000    -0.00575034  -0.00130789    -0.00209276  -0.01866922
 -0.00575034   0.00130789     0.26617362  -0.00000000     0.00495622   0.00138110
 -0.00209276   0.01866922     0.00495622  -0.00138110     0.31988139   0.00000000
    1    2
 -0.01523313   0.04913367    -0.15617503   0.03584817    -0.01582565   0.03385818
 -0.15617503   0.03584817    -0.01509558   0.04404853    -0.01336785  -0.10078339
 -0.01582565   0.03385818    -0.01336785  -0.10078339    -0.02406772   0.04839263
    2    1
 -0.01523313  -0.04913367    -0.15617503  -0.03584817    -0.01582565  -0.03385818
 -0.15617503  -0.03584817    -0.01509558  -0.04404853    -0.01336785   0.10078339
 -0.01582565  -0.03385818    -0.01336785   0.10078339    -0.02406772  -0.04839263
    2    2
  0.28361945  -0.00000000    -0.00575034   0.00130789    -0.00209276   0.01866922
 -0.00575034  -0.00130789     0.26617362   0.00000000     0.00495622  -0.00138110
 -0.00209276  -0.01866922     0.00495622   0.00138110     0.31988139   0.00000000

     Diagonalizing the dynamical matrix

     q = (    0.625000000  -0.125000000   0.875000000 ) 

 **************************************************************************
     freq (    1) =       5.478940 [THz] =     182.757759 [cm-1]
 ( -0.169668 -0.514255  0.076148 -0.119304  0.212011  0.376529 ) 
 (  0.531349 -0.104469  0.066597 -0.124887 -0.432114  0.000000 ) 
     freq (    2) =       6.453385 [THz] =     215.261769 [cm-1]
 ( -0.386054 -0.270207 -0.205862  0.229183 -0.419866 -0.082218 ) 
 ( -0.430784  0.190984 -0.157983 -0.264471 -0.427840  0.000000 ) 
     freq (    3) =      10.371592 [THz] =     345.959060 [cm-1]
 (  0.138294 -0.107897  0.217167  0.522134  0.339021 -0.185774 ) 
 ( -0.173130 -0.028164  0.060466  0.562254 -0.386584  0.000000 ) 
     freq (    4) =      11.822485 [THz] =     394.355664 [cm-1]
 ( -0.019332  0.203604 -0.167130 -0.540110 -0.333243  0.165739 ) 
 ( -0.107978 -0.173693  0.090875  0.558026 -0.372184  0.000000 ) 
     freq (    5) =      14.258409 [THz] =     475.609346 [cm-1]
 ( -0.160645 -0.477518  0.150919 -0.226628  0.208106  0.358783 ) 
 ( -0.493664  0.100628 -0.120316  0.244256  0.414769  0.000000 ) 
     freq (    6) =      14.597713 [THz] =     486.927297 [cm-1]
 ( -0.304389 -0.256177 -0.232720  0.342538 -0.405502 -0.076144 ) 
 (  0.346438 -0.195602  0.165507  0.379603  0.412589  0.000000 ) 
 **************************************************************************
