Dynamical matrix file
Phonons on a uniform q-grid                                                
  1    2   2  10.2000000   0.0000000   0.0000000   0.0000000   0.0000000   0.0000000
           1  'Si  '    25598.3672898282     
    1    1      0.0000000000      0.0000000000      0.0000000000
    2    1      0.2500000000      0.2500000000      0.2500000000

     Dynamical  Matrix in cartesian axes

     q = (   -0.250000000  -1.000000000   0.000000000 ) 

    1    1
  0.26418081   0.00000000     0.00000000  -0.00000000    -0.00000000   0.00000000
  0.00000000  -0.00000000     0.34511129   0.00000000    -0.00000000  -0.01967360
 -0.00000000   0.00000000     0.00000000   0.01967360     0.27106331   0.00000000
    1    2
  0.00000000   0.00000000    -0.02648943   0.06395114    -0.17436289  -0.07222347
 -0.02648943   0.06395114    -0.00000000   0.00000000     0.00000000   0.00000000
 -0.17436289  -0.07222347     0.00000000  -0.00000000    -0.00000000   0.00000000
    2    1
  0.00000000  -0.00000000    -0.02648943  -0.06395114    -0.17436289   0.07222347
 -0.02648943  -0.06395114    -0.00000000  -0.00000000     0.00000000   0.00000000
 -0.17436289   0.07222347     0.00000000   0.00000000    -0.00000000  -0.00000000
    2    2
  0.26418081  -0.00000000     0.00000000  -0.00000000    -0.00000000   0.00000000
  0.00000000   0.00000000     0.34511129   0.00000000    -0.00000000   0.01967360
 -0.00000000  -0.00000000     0.00000000  -0.01967360     0.27106331   0.00000000

     Dynamical  Matrix in cartesian axes

     q = (    0.000000000  -1.000000000   0.250000000 ) 

    1    1
  0.27106331   0.00000000    -0.00000000  -0.01967360     0.00000000  -0.00000000
  0.00000000   0.01967360     0.34511129   0.00000000    -0.00000000  -0.00000000
  0.00000000   0.00000000    -0.00000000  -0.00000000     0.26418081  -0.00000000
    1    2
 -0.00000000  -0.00000000    -0.00000000   0.00000000    -0.17436289   0.07222347
 -0.00000000   0.00000000    -0.00000000  -0.00000000    -0.02648943  -0.06395114
 -0.17436289   0.07222347    -0.02648943  -0.06395114     0.00000000  -0.00000000
    2    1
  0.00000000   0.00000000    -0.00000000   0.00000000    -0.17436289  -0.07222347
  0.00000000  -0.00000000     0.00000000  -0.00000000    -0.02648943   0.06395114
 -0.17436289  -0.07222347    -0.02648943   0.06395114     0.00000000   0.00000000
    2    2
  0.27106331  -0.00000000     0.00000000   0.01967360    -0.00000000  -0.00000000
  0.00000000  -0.01967360     0.34511129  -0.00000000    -0.00000000  -0.00000000
 -0.00000000  -0.00000000     0.00000000   0.00000000     0.26418081  -0.00000000

     Dynamical  Matrix in cartesian axes

     q = (    0.000000000  -1.000000000  -0.250000000 ) 

    1    1
  0.27106331  -0.00000000     0.00000000   0.01967360    -0.00000000  -0.00000000
  0.00000000  -0.01967360     0.34511129  -0.00000000    -0.00000000   0.00000000
 -0.00000000  -0.00000000     0.00000000   0.00000000     0.26418081  -0.00000000
    1    2
  0.00000000   0.00000000     0.00000000   0.00000000    -0.17436289  -0.07222347
 -0.00000000   0.00000000    -0.00000000   0.00000000    -0.02648943   0.06395114
 -0.17436289  -0.07222347    -0.02648943   0.06395114    -0.00000000   0.00000000
    2    1
 -0.00000000   0.00000000    -0.00000000   0.00000000    -0.17436289   0.07222347
 -0.00000000   0.00000000    -0.00000000  -0.00000000    -0.02648943  -0.06395114
 -0.17436289   0.07222347    -0.02648943  -0.06395114    -0.00000000  -0.00000000
    2    2
  0.27106331  -0.00000000     0.00000000  -0.01967360    -0.00000000  -0.00000000
  0.00000000   0.01967360     0.34511129  -0.00000000    -0.00000000   0.00000000
 -0.00000000  -0.00000000     0.00000000   0.00000000     0.26418081  -0.00000000

     Dynamical  Matrix in cartesian axes

     q = (    0.250000000  -1.000000000   0.000000000 ) 

    1    1
  0.26418081   0.00000000     0.00000000  -0.00000000    -0.00000000   0.00000000
  0.00000000  -0.00000000     0.34511129   0.00000000    -0.00000000   0.01967360
 -0.00000000   0.00000000     0.00000000  -0.01967360     0.27106331   0.00000000
    1    2
  0.00000000  -0.00000000    -0.02648943  -0.06395114    -0.17436289   0.07222347
 -0.02648943  -0.06395114    -0.00000000  -0.00000000     0.00000000   0.00000000
 -0.17436289   0.07222347     0.00000000   0.00000000    -0.00000000  -0.00000000
    2    1
  0.00000000   0.00000000    -0.02648943   0.06395114    -0.17436289  -0.07222347
 -0.02648943   0.06395114     0.00000000   0.00000000     0.00000000   0.00000000
 -0.17436289  -0.07222347     0.00000000  -0.00000000     0.00000000   0.00000000
    2    2
  0.26418081   0.00000000     0.00000000  -0.00000000    -0.00000000   0.00000000
  0.00000000  -0.00000000     0.34511129   0.00000000    -0.00000000  -0.01967360
 -0.00000000   0.00000000     0.00000000   0.01967360     0.27106331   0.00000000

     Dynamical  Matrix in cartesian axes

     q = (   -1.000000000   0.000000000  -0.250000000 ) 

    1    1
  0.34511129  -0.00000000     0.00000000  -0.01967360     0.00000000   0.00000000
  0.00000000   0.01967360     0.27106331  -0.00000000     0.00000000   0.00000000
  0.00000000  -0.00000000     0.00000000   0.00000000     0.26418081  -0.00000000
    1    2
  0.00000000   0.00000000     0.00000000   0.00000000    -0.02648943   0.06395114
 -0.00000000   0.00000000    -0.00000000   0.00000000    -0.17436289  -0.07222347
 -0.02648943   0.06395114    -0.17436289  -0.07222347     0.00000000  -0.00000000
    2    1
 -0.00000000  -0.00000000    -0.00000000  -0.00000000    -0.02648943  -0.06395114
  0.00000000   0.00000000     0.00000000   0.00000000    -0.17436289   0.07222347
 -0.02648943  -0.06395114    -0.17436289   0.07222347    -0.00000000   0.00000000
    2    2
  0.34511129   0.00000000     0.00000000   0.01967360    -0.00000000   0.00000000
 -0.00000000  -0.01967360     0.27106331   0.00000000    -0.00000000   0.00000000
  0.00000000   0.00000000    -0.00000000  -0.00000000     0.26418081  -0.00000000

     Dynamical  Matrix in cartesian axes

     q = (    1.000000000   0.000000000   0.250000000 ) 

    1    1
  0.34511129  -0.00000000     0.00000000   0.01967360     0.00000000  -0.00000000
  0.00000000  -0.01967360     0.27106331  -0.00000000     0.00000000   0.00000000
  0.00000000  -0.00000000     0.00000000   0.00000000     0.26418081  -0.00000000
    1    2
  0.00000000  -0.00000000     0.00000000  -0.00000000    -0.02648943  -0.06395114
  0.00000000  -0.00000000     0.00000000  -0.00000000    -0.17436289   0.07222347
 -0.02648943  -0.06395114    -0.17436289   0.07222347     0.00000000   0.00000000
    2    1
  0.00000000   0.00000000     0.00000000   0.00000000    -0.02648943   0.06395114
 -0.00000000   0.00000000    -0.00000000   0.00000000    -0.17436289  -0.07222347
 -0.02648943   0.06395114    -0.17436289  -0.07222347     0.00000000  -0.00000000
    2    2
  0.34511129  -0.00000000     0.00000000  -0.01967360    -0.00000000  -0.00000000
 -0.00000000   0.01967360     0.27106331  -0.00000000    -0.00000000   0.00000000
  0.00000000  -0.00000000    -0.00000000   0.00000000     0.26418081  -0.00000000

     Dynamical  Matrix in cartesian axes

     q = (   -1.000000000  -0.250000000   0.000000000 ) 

    1    1
  0.34511129   0.00000000     0.00000000  -0.00000000    -0.00000000  -0.01967360
 -0.00000000  -0.00000000     0.26418081   0.00000000    -0.00000000  -0.00000000
  0.00000000   0.01967360    -0.00000000  -0.00000000     0.27106331   0.00000000
    1    2
  0.00000000   0.00000000    -0.02648943   0.06395114    -0.00000000   0.00000000
 -0.02648943   0.06395114     0.00000000  -0.00000000    -0.17436289  -0.07222347
 -0.00000000   0.00000000    -0.17436289  -0.07222347    -0.00000000   0.00000000
    2    1
  0.00000000  -0.00000000    -0.02648943  -0.06395114     0.00000000  -0.00000000
 -0.02648943  -0.06395114     0.00000000   0.00000000    -0.17436289   0.07222347
  0.00000000  -0.00000000    -0.17436289   0.07222347     0.00000000  -0.00000000
    2    2
  0.34511129   0.00000000     0.00000000  -0.00000000     0.00000000   0.01967360
  0.00000000  -0.00000000     0.26418081   0.00000000     0.00000000  -0.00000000
  0.00000000  -0.01967360     0.00000000  -0.00000000     0.27106331   0.00000000

     Dynamical  Matrix in cartesian axes

     q = (    0.000000000  -0.250000000  -1.000000000 ) 

    1    1
  0.27106331   0.00000000    -0.00000000  -0.00000000    -0.00000000   0.01967360
 -0.00000000   0.00000000     0.26418081  -0.00000000    -0.00000000   0.00000000
  0.00000000  -0.01967360     0.00000000  -0.00000000     0.34511129  -0.00000000
    1    2
  0.00000000   0.00000000    -0.17436289  -0.07222347     0.00000000   0.00000000
 -0.17436289  -0.07222347    -0.00000000   0.00000000    -0.02648943   0.06395114
 -0.00000000   0.00000000    -0.02648943   0.06395114     0.00000000   0.00000000
    2    1
 -0.00000000  -0.00000000    -0.17436289   0.07222347    -0.00000000   0.00000000
 -0.17436289   0.07222347    -0.00000000  -0.00000000    -0.02648943  -0.06395114
  0.00000000   0.00000000    -0.02648943  -0.06395114     0.00000000   0.00000000
    2    2
  0.27106331  -0.00000000     0.00000000   0.00000000     0.00000000  -0.01967360
  0.00000000  -0.00000000     0.26418081  -0.00000000     0.00000000   0.00000000
 -0.00000000   0.01967360     0.00000000  -0.00000000     0.34511129  -0.00000000

     Dynamical  Matrix in cartesian axes

     q = (    0.000000000   0.250000000  -1.000000000 ) 

    1    1
  0.27106331  -0.00000000    -0.00000000   0.00000000    -0.00000000  -0.01967360
 -0.00000000   0.00000000     0.26418081  -0.00000000    -0.00000000   0.00000000
  0.00000000   0.01967360     0.00000000   0.00000000     0.34511129  -0.00000000
    1    2
  0.00000000   0.00000000    -0.17436289   0.07222347     0.00000000   0.00000000
 -0.17436289   0.07222347     0.00000000   0.00000000    -0.02648943  -0.06395114
  0.00000000   0.00000000    -0.02648943  -0.06395114     0.00000000   0.00000000
    2    1
  0.00000000   0.00000000    -0.17436289  -0.07222347     0.00000000   0.00000000
 -0.17436289  -0.07222347     0.00000000   0.00000000    -0.02648943   0.06395114
  0.00000000   0.00000000    -0.02648943   0.06395114     0.00000000   0.00000000
    2    2
  0.27106331  -0.00000000     0.00000000   0.00000000     0.00000000   0.01967360
  0.00000000   0.00000000     0.26418081  -0.00000000     0.00000000   0.00000000
 -0.00000000  -0.01967360     0.00000000   0.00000000     0.34511129  -0.00000000

     Dynamical  Matrix in cartesian axes

     q = (    1.000000000   0.250000000   0.000000000 ) 

    1    1
  0.34511129   0.00000000     0.00000000  -0.00000000     0.00000000   0.01967360
  0.00000000  -0.00000000     0.26418081   0.00000000     0.00000000  -0.00000000
  0.00000000  -0.01967360     0.00000000  -0.00000000     0.27106331   0.00000000
    1    2
  0.00000000  -0.00000000    -0.02648943  -0.06395114     0.00000000  -0.00000000
 -0.02648943  -0.06395114     0.00000000   0.00000000    -0.17436289   0.07222347
  0.00000000  -0.00000000    -0.17436289   0.07222347     0.00000000  -0.00000000
    2    1
  0.00000000   0.00000000    -0.02648943   0.06395114     0.00000000   0.00000000
 -0.02648943   0.06395114     0.00000000  -0.00000000    -0.17436289  -0.07222347
 -0.00000000   0.00000000    -0.17436289  -0.07222347    -0.00000000   0.00000000
    2    2
  0.34511129   0.00000000     0.00000000  -0.00000000    -0.00000000  -0.01967360
 -0.00000000  -0.00000000     0.26418081   0.00000000    -0.00000000  -0.00000000
  0.00000000   0.01967360    -0.00000000  -0.00000000     0.27106331   0.00000000

     Dynamical  Matrix in cartesian axes

     q = (   -0.250000000   0.000000000   1.000000000 ) 

    1    1
  0.26418081  -0.00000000    -0.00000000   0.00000000    -0.00000000  -0.00000000
 -0.00000000   0.00000000     0.27106331  -0.00000000    -0.00000000   0.01967360
  0.00000000  -0.00000000     0.00000000  -0.01967360     0.34511129  -0.00000000
    1    2
  0.00000000   0.00000000    -0.17436289  -0.07222347    -0.02648943   0.06395114
 -0.17436289  -0.07222347     0.00000000   0.00000000     0.00000000  -0.00000000
 -0.02648943   0.06395114    -0.00000000   0.00000000     0.00000000   0.00000000
    2    1
  0.00000000  -0.00000000    -0.17436289   0.07222347    -0.02648943  -0.06395114
 -0.17436289   0.07222347     0.00000000  -0.00000000     0.00000000   0.00000000
 -0.02648943  -0.06395114    -0.00000000   0.00000000     0.00000000  -0.00000000
    2    2
  0.26418081  -0.00000000    -0.00000000   0.00000000    -0.00000000  -0.00000000
 -0.00000000   0.00000000     0.27106331  -0.00000000    -0.00000000  -0.01967360
  0.00000000  -0.00000000     0.00000000   0.01967360     0.34511129  -0.00000000

     Dynamical  Matrix in cartesian axes

     q = (    0.250000000   0.000000000   1.000000000 ) 

    1    1
  0.26418081  -0.00000000    -0.00000000   0.00000000    -0.00000000  -0.00000000
 -0.00000000  -0.00000000     0.27106331  -0.00000000    -0.00000000  -0.01967360
  0.00000000   0.00000000     0.00000000   0.01967360     0.34511129  -0.00000000
    1    2
  0.00000000  -0.00000000    -0.17436289   0.07222347    -0.02648943  -0.06395114
 -0.17436289   0.07222347     0.00000000  -0.00000000     0.00000000   0.00000000
 -0.02648943  -0.06395114    -0.00000000   0.00000000    -0.00000000  -0.00000000
    2    1
  0.00000000   0.00000000    -0.17436289  -0.07222347    -0.02648943   0.06395114
 -0.17436289  -0.07222347     0.00000000   0.00000000     0.00000000   0.00000000
 -0.02648943   0.06395114     0.00000000  -0.00000000    -0.00000000   0.00000000
    2    2
  0.26418081  -0.00000000    -0.00000000   0.00000000    -0.00000000  -0.00000000
 -0.00000000   0.00000000     0.27106331  -0.00000000    -0.00000000   0.01967360
  0.00000000  -0.00000000     0.00000000  -0.01967360     0.34511129  -0.00000000

     Diagonalizing the dynamical matrix

     q = (   -0.250000000  -1.000000000   0.000000000 ) 

 **************************************************************************
     freq (    1) =       5.593589 [THz] =     186.582035 [cm-1]
 ( -0.437693 -0.181299  0.052991 -0.087216  0.437540  0.265840 ) 
 (  0.538819  0.083240 -0.000000 -0.088677 -0.444871  0.000000 ) 
     freq (    2) =       5.593589 [THz] =     186.582035 [cm-1]
 (  0.503709  0.208643  0.046046 -0.075786  0.380197  0.230999 ) 
 (  0.468202  0.072331  0.000000  0.102052  0.511969  0.000000 ) 
     freq (    3) =      11.656648 [THz] =     388.823917 [cm-1]
 ( -0.013005 -0.005387 -0.894903  0.063558  0.027544  0.387822 ) 
 ( -0.088167 -0.176354 -0.000000 -0.064050  0.027757  0.000000 ) 
     freq (    4) =      11.656648 [THz] =     388.823917 [cm-1]
 ( -0.182156 -0.075452  0.063889 -0.004538 -0.001966 -0.027688 ) 
 (  0.006294  0.012590 -0.000000 -0.897157  0.388799  0.000000 ) 
     freq (    5) =      14.319603 [THz] =     477.650529 [cm-1]
 (  0.447120  0.185203 -0.082806  0.271598 -0.407083 -0.124113 ) 
 (  0.450665 -0.043746 -0.000000 -0.303491 -0.454886  0.000000 ) 
     freq (    6) =      14.319603 [THz] =     477.650529 [cm-1]
 (  0.418317  0.173273  0.088507 -0.290298  0.435112  0.132659 ) 
 ( -0.481695  0.046759 -0.000000 -0.283941 -0.425583  0.000000 ) 
 **************************************************************************
