Dynamical matrix file
Phonons on a uniform q-grid                                                
  1    2   2  10.2000000   0.0000000   0.0000000   0.0000000   0.0000000   0.0000000
           1  'Si  '    25598.3672898282     
    1    1      0.0000000000      0.0000000000      0.0000000000
    2    1      0.2500000000      0.2500000000      0.2500000000

     Dynamical  Matrix in cartesian axes

     q = (    0.000000000   0.000000000   0.000000000 ) 

    1    1
  0.30111575   0.00000000     0.00000000   0.00000000    -0.00000000   0.00000000
 -0.00000000   0.00000000     0.30111575   0.00000000    -0.00000000   0.00000000
 -0.00000000   0.00000000    -0.00000000   0.00000000     0.30111575   0.00000000
    1    2
 -0.30112431   0.00000000    -0.00000000   0.00000000    -0.00000000   0.00000000
 -0.00000000   0.00000000    -0.30112431   0.00000000     0.00000000   0.00000000
 -0.00000000   0.00000000    -0.00000000   0.00000000    -0.30112431   0.00000000
    2    1
 -0.30112431   0.00000000    -0.00000000   0.00000000    -0.00000000   0.00000000
 -0.00000000   0.00000000    -0.30112431   0.00000000    -0.00000000   0.00000000
 -0.00000000   0.00000000     0.00000000   0.00000000    -0.30112431   0.00000000
    2    2
  0.30111575   0.00000000    -0.00000000   0.00000000     0.00000000   0.00000000
 -0.00000000   0.00000000     0.30111575   0.00000000    -0.00000000   0.00000000
 -0.00000000   0.00000000    -0.00000000   0.00000000     0.30111575   0.00000000

     Dielectric Tensor:

         23.283373490814          0.000000000000         -0.000000000000
          0.000000000000         23.283373490814         -0.000000000000
          0.000000000000         -0.000000000000         23.283373490814

     Effective Charges E-U: Z_{alpha}{s,beta}

     atom #    1
         -1.167111076759          0.000000000000          0.000000000000
          0.000000000000         -1.167111076759         -0.000000000000
          0.000000000000         -0.000000000000         -1.167111076759
     atom #    2
         -1.167111076759          0.000000000000          0.000000000000
          0.000000000000         -1.167111076759         -0.000000000000
          0.000000000000         -0.000000000000         -1.167111076759

     Effective Charges U-E: Z_{s,alpha}{beta}

     atom #    1
     -0.116725029091E+01     -0.444089209850E-15      0.444089209850E-15
     -0.666133814775E-15     -0.116725029091E+01     -0.222044604925E-15
      0.888178419700E-15     -0.888178419700E-15     -0.116725029091E+01
     atom #    2
     -0.116725029091E+01      0.177635683940E-14      0.177635683940E-14
      0.199840144433E-14     -0.116725029091E+01     -0.199840144433E-14
      0.888178419700E-15     -0.177635683940E-14     -0.116725029091E+01

     Diagonalizing the dynamical matrix

     q = (    0.000000000   0.000000000   0.000000000 ) 

 **************************************************************************
     freq (    1) =      -0.060164 [THz] =      -2.006851 [cm-1]
 (  0.377878  0.000000 -0.569681  0.000000 -0.180753  0.000000 ) 
 (  0.377878  0.000000 -0.569681  0.000000 -0.180753  0.000000 ) 
     freq (    2) =      -0.060164 [THz] =      -2.006851 [cm-1]
 ( -0.571796  0.000000 -0.282352  0.000000 -0.305493  0.000000 ) 
 ( -0.571796  0.000000 -0.282352  0.000000 -0.305493  0.000000 ) 
     freq (    3) =      -0.060164 [THz] =      -2.006851 [cm-1]
 ( -0.173945  0.000000 -0.309420  0.000000  0.611557  0.000000 ) 
 ( -0.173945  0.000000 -0.309420  0.000000  0.611557  0.000000 ) 
     freq (    4) =      15.957091 [THz] =     532.271260 [cm-1]
 ( -0.661127  0.000000 -0.250822  0.000000  0.000000  0.000000 ) 
 (  0.661127  0.000000  0.250822  0.000000  0.000000  0.000000 ) 
     freq (    5) =      15.957091 [THz] =     532.271260 [cm-1]
 (  0.000000  0.000000 -0.000000  0.000000  0.707107  0.000000 ) 
 ( -0.000000  0.000000 -0.000000  0.000000 -0.707107  0.000000 ) 
     freq (    6) =      15.957091 [THz] =     532.271260 [cm-1]
 ( -0.250822  0.000000  0.661127  0.000000  0.000000  0.000000 ) 
 (  0.250822  0.000000 -0.661127  0.000000  0.000000  0.000000 ) 
 **************************************************************************
