Dynamical matrix file
Phonons on a uniform q-grid                                                
  1    2   2  10.2000000   0.0000000   0.0000000   0.0000000   0.0000000   0.0000000
           1  'Si  '    25598.3672898282     
    1    1      0.0000000000      0.0000000000      0.0000000000
    2    1      0.2500000000      0.2500000000      0.2500000000

     Dynamical  Matrix in cartesian axes

     q = (   -0.500000000  -1.000000000   0.000000000 ) 

    1    1
  0.25920323  -0.00000000    -0.00000000   0.00000000     0.00000000  -0.00000000
 -0.00000000   0.00000000     0.29833380  -0.00000000     0.00000000  -0.01790656
  0.00000000  -0.00000000     0.00000000   0.01790656     0.29833380  -0.00000000
    1    2
  0.00000000   0.00000000    -0.09657444   0.09657444    -0.09657444  -0.09657444
 -0.09657444   0.09657444     0.00000000   0.00000000     0.00000000  -0.00000000
 -0.09657444  -0.09657444    -0.00000000  -0.00000000    -0.00000000   0.00000000
    2    1
 -0.00000000   0.00000000    -0.09657444  -0.09657444    -0.09657444   0.09657444
 -0.09657444  -0.09657444    -0.00000000   0.00000000     0.00000000   0.00000000
 -0.09657444   0.09657444     0.00000000   0.00000000    -0.00000000   0.00000000
    2    2
  0.25920323  -0.00000000    -0.00000000   0.00000000     0.00000000  -0.00000000
 -0.00000000   0.00000000     0.29833380  -0.00000000     0.00000000   0.01790656
  0.00000000  -0.00000000     0.00000000  -0.01790656     0.29833380  -0.00000000

     Dynamical  Matrix in cartesian axes

     q = (    0.000000000   1.000000000   0.500000000 ) 

    1    1
  0.29833380   0.00000000    -0.00000000  -0.01790656     0.00000000   0.00000000
 -0.00000000   0.01790656     0.29833380   0.00000000    -0.00000000  -0.00000000
  0.00000000   0.00000000    -0.00000000  -0.00000000     0.25920323   0.00000000
    1    2
 -0.00000000   0.00000000    -0.00000000   0.00000000    -0.09657444   0.09657444
 -0.00000000   0.00000000    -0.00000000  -0.00000000    -0.09657444  -0.09657444
 -0.09657444   0.09657444    -0.09657444  -0.09657444    -0.00000000   0.00000000
    2    1
 -0.00000000   0.00000000    -0.00000000  -0.00000000    -0.09657444  -0.09657444
 -0.00000000  -0.00000000    -0.00000000  -0.00000000    -0.09657444   0.09657444
 -0.09657444  -0.09657444    -0.09657444   0.09657444    -0.00000000   0.00000000
    2    2
  0.29833380   0.00000000    -0.00000000   0.01790656     0.00000000   0.00000000
 -0.00000000  -0.01790656     0.29833380   0.00000000     0.00000000  -0.00000000
  0.00000000   0.00000000     0.00000000   0.00000000     0.25920323   0.00000000

     Dynamical  Matrix in cartesian axes

     q = (    0.500000000  -1.000000000   0.000000000 ) 

    1    1
  0.25920323  -0.00000000    -0.00000000   0.00000000     0.00000000  -0.00000000
 -0.00000000   0.00000000     0.29833380  -0.00000000     0.00000000   0.01790656
  0.00000000  -0.00000000     0.00000000  -0.01790656     0.29833380  -0.00000000
    1    2
 -0.00000000  -0.00000000    -0.09657444  -0.09657444    -0.09657444   0.09657444
 -0.09657444  -0.09657444    -0.00000000   0.00000000     0.00000000  -0.00000000
 -0.09657444   0.09657444     0.00000000  -0.00000000    -0.00000000   0.00000000
    2    1
  0.00000000   0.00000000    -0.09657444   0.09657444    -0.09657444  -0.09657444
 -0.09657444   0.09657444     0.00000000   0.00000000    -0.00000000  -0.00000000
 -0.09657444  -0.09657444     0.00000000  -0.00000000    -0.00000000   0.00000000
    2    2
  0.25920323  -0.00000000    -0.00000000   0.00000000     0.00000000  -0.00000000
 -0.00000000   0.00000000     0.29833380  -0.00000000     0.00000000  -0.01790656
  0.00000000  -0.00000000     0.00000000   0.01790656     0.29833380  -0.00000000

     Dynamical  Matrix in cartesian axes

     q = (    0.000000000   1.000000000  -0.500000000 ) 

    1    1
  0.29833380   0.00000000    -0.00000000   0.01790656    -0.00000000   0.00000000
 -0.00000000  -0.01790656     0.29833380   0.00000000    -0.00000000  -0.00000000
 -0.00000000   0.00000000    -0.00000000   0.00000000     0.25920323   0.00000000
    1    2
 -0.00000000  -0.00000000     0.00000000  -0.00000000    -0.09657444  -0.09657444
 -0.00000000   0.00000000     0.00000000  -0.00000000    -0.09657444   0.09657444
 -0.09657444  -0.09657444    -0.09657444   0.09657444    -0.00000000  -0.00000000
    2    1
  0.00000000   0.00000000     0.00000000  -0.00000000    -0.09657444   0.09657444
  0.00000000   0.00000000     0.00000000   0.00000000    -0.09657444  -0.09657444
 -0.09657444   0.09657444    -0.09657444  -0.09657444     0.00000000   0.00000000
    2    2
  0.29833380   0.00000000    -0.00000000  -0.01790656     0.00000000   0.00000000
 -0.00000000   0.01790656     0.29833380   0.00000000     0.00000000  -0.00000000
  0.00000000   0.00000000     0.00000000  -0.00000000     0.25920323   0.00000000

     Dynamical  Matrix in cartesian axes

     q = (   -1.000000000  -0.500000000   0.000000000 ) 

    1    1
  0.29833380  -0.00000000     0.00000000  -0.00000000    -0.00000000  -0.01790656
  0.00000000  -0.00000000     0.25920323  -0.00000000     0.00000000   0.00000000
 -0.00000000   0.01790656     0.00000000  -0.00000000     0.29833380   0.00000000
    1    2
  0.00000000  -0.00000000    -0.09657444   0.09657444     0.00000000  -0.00000000
 -0.09657444   0.09657444     0.00000000  -0.00000000    -0.09657444  -0.09657444
  0.00000000  -0.00000000    -0.09657444  -0.09657444     0.00000000  -0.00000000
    2    1
  0.00000000   0.00000000    -0.09657444  -0.09657444     0.00000000  -0.00000000
 -0.09657444  -0.09657444    -0.00000000   0.00000000    -0.09657444   0.09657444
  0.00000000  -0.00000000    -0.09657444   0.09657444     0.00000000  -0.00000000
    2    2
  0.29833380  -0.00000000     0.00000000   0.00000000    -0.00000000   0.01790656
  0.00000000   0.00000000     0.25920323   0.00000000    -0.00000000  -0.00000000
 -0.00000000  -0.01790656    -0.00000000  -0.00000000     0.29833380   0.00000000

     Dynamical  Matrix in cartesian axes

     q = (    0.000000000  -0.500000000  -1.000000000 ) 

    1    1
  0.29833380   0.00000000     0.00000000   0.00000000    -0.00000000   0.01790656
  0.00000000  -0.00000000     0.25920323  -0.00000000     0.00000000  -0.00000000
 -0.00000000  -0.01790656     0.00000000   0.00000000     0.29833380  -0.00000000
    1    2
 -0.00000000  -0.00000000    -0.09657444  -0.09657444    -0.00000000  -0.00000000
 -0.09657444  -0.09657444    -0.00000000   0.00000000    -0.09657444   0.09657444
 -0.00000000  -0.00000000    -0.09657444   0.09657444    -0.00000000  -0.00000000
    2    1
  0.00000000   0.00000000    -0.09657444   0.09657444     0.00000000   0.00000000
 -0.09657444   0.09657444     0.00000000   0.00000000    -0.09657444  -0.09657444
  0.00000000   0.00000000    -0.09657444  -0.09657444     0.00000000   0.00000000
    2    2
  0.29833380   0.00000000    -0.00000000   0.00000000    -0.00000000  -0.01790656
  0.00000000   0.00000000     0.25920323   0.00000000     0.00000000   0.00000000
 -0.00000000   0.01790656     0.00000000  -0.00000000     0.29833380  -0.00000000

     Diagonalizing the dynamical matrix

     q = (   -0.500000000  -1.000000000   0.000000000 ) 

 **************************************************************************
     freq (    1) =       6.253025 [THz] =     208.578464 [cm-1]
 (  0.477536  0.477536  0.133625  0.160359 -0.160359  0.133625 ) 
 ( -0.030971  0.340579 -0.000000  0.412204  0.412204  0.000000 ) 
     freq (    2) =       6.253025 [THz] =     208.578464 [cm-1]
 (  0.241819  0.241819 -0.263878 -0.316672  0.316672 -0.263878 ) 
 (  0.061161 -0.672562  0.000000  0.208736  0.208736  0.000000 ) 
     freq (    3) =      10.888774 [THz] =     363.210421 [cm-1]
 (  0.000000 -0.000000  0.137649  0.688244  0.688244 -0.137649 ) 
 ( -0.000000  0.000000 -0.000000 -0.085869  0.085869  0.000000 ) 
     freq (    4) =      10.888774 [THz] =     363.210421 [cm-1]
 (  0.000000  0.000000  0.016840  0.084202  0.084202 -0.016840 ) 
 ( -0.000000  0.000000  0.000000  0.701874 -0.701874  0.000000 ) 
     freq (    5) =      14.289815 [THz] =     476.656920 [cm-1]
 (  0.461528  0.461528 -0.019582 -0.015928  0.015928 -0.019582 ) 
 (  0.003154  0.030652 -0.000000 -0.534677 -0.534677  0.000000 ) 
     freq (    6) =      14.289815 [THz] =     476.656920 [cm-1]
 (  0.021789  0.021789  0.414790  0.337385 -0.337385  0.414790 ) 
 ( -0.066815 -0.649271  0.000000 -0.025242 -0.025242  0.000000 ) 
 **************************************************************************
