Dynamical matrix file
Phonons on a uniform q-grid                                                
  1    2   2  10.2000000   0.0000000   0.0000000   0.0000000   0.0000000   0.0000000
           1  'Si  '    25598.3672898282     
    1    1      0.0000000000      0.0000000000      0.0000000000
    2    1      0.2500000000      0.2500000000      0.2500000000

     Dynamical  Matrix in cartesian axes

     q = (    0.625000000  -0.375000000   0.875000000 ) 

    1    1
  0.27419487   0.00000000    -0.01193935   0.00229828     0.00627137   0.00230495
 -0.01193935  -0.00229828     0.30788974   0.00000000    -0.00711117  -0.01420813
  0.00627137  -0.00230495    -0.00711117   0.01420813     0.28987699  -0.00000000
    1    2
 -0.10837450   0.04527688    -0.07773358   0.03571404    -0.01323588  -0.13258052
 -0.07773358   0.03571404    -0.11388638   0.05206330    -0.01573019   0.06360231
 -0.01323588  -0.13258052    -0.01573019   0.06360231    -0.11812491   0.04904826
    2    1
 -0.10837450  -0.04527688    -0.07773358  -0.03571404    -0.01323588   0.13258052
 -0.07773358  -0.03571404    -0.11388638  -0.05206330    -0.01573019  -0.06360231
 -0.01323588   0.13258052    -0.01573019  -0.06360231    -0.11812491  -0.04904826
    2    2
  0.27419487   0.00000000    -0.01193935  -0.00229828     0.00627137  -0.00230495
 -0.01193935   0.00229828     0.30788974   0.00000000    -0.00711117   0.01420813
  0.00627137   0.00230495    -0.00711117  -0.01420813     0.28987699   0.00000000

     Dynamical  Matrix in cartesian axes

     q = (    0.625000000  -0.375000000  -0.875000000 ) 

    1    1
  0.27419487   0.00000000    -0.01193935  -0.00229828    -0.00627137   0.00230495
 -0.01193935   0.00229828     0.30788974   0.00000000     0.00711117  -0.01420813
 -0.00627137  -0.00230495     0.00711117   0.01420813     0.28987699  -0.00000000
    1    2
 -0.10864793   0.04461676    -0.08021958   0.02971230    -0.08438940  -0.10310776
 -0.08021958   0.02971230    -0.11734415   0.04371552     0.05609655   0.03385070
 -0.08438940  -0.10310776     0.05609655   0.03385070    -0.11820928   0.04884456
    2    1
 -0.10864793  -0.04461676    -0.08021958  -0.02971230    -0.08438940   0.10310776
 -0.08021958  -0.02971230    -0.11734415  -0.04371552     0.05609655  -0.03385070
 -0.08438940   0.10310776     0.05609655  -0.03385070    -0.11820928  -0.04884456
    2    2
  0.27419487   0.00000000    -0.01193935   0.00229828    -0.00627137  -0.00230495
 -0.01193935  -0.00229828     0.30788974  -0.00000000     0.00711117   0.01420813
 -0.00627137   0.00230495     0.00711117  -0.01420813     0.28987699   0.00000000

     Dynamical  Matrix in cartesian axes

     q = (    0.875000000   0.375000000   0.625000000 ) 

    1    1
  0.28987699   0.00000000     0.00711117   0.01420813     0.00627137   0.00230495
  0.00711117  -0.01420813     0.30788974   0.00000000     0.01193935  -0.00229828
  0.00627137  -0.00230495     0.01193935   0.00229828     0.27419487   0.00000000
    1    2
  0.04904826  -0.11812491    -0.06360231   0.01573019    -0.13258052  -0.01323588
 -0.06360231   0.01573019     0.05206330  -0.11388638    -0.03571404   0.07773358
 -0.13258052  -0.01323588    -0.03571404   0.07773358     0.04527688  -0.10837450
    2    1
  0.04904826   0.11812491    -0.06360231  -0.01573019    -0.13258052   0.01323588
 -0.06360231  -0.01573019     0.05206330   0.11388638    -0.03571404  -0.07773358
 -0.13258052   0.01323588    -0.03571404  -0.07773358     0.04527688   0.10837450
    2    2
  0.28987699   0.00000000     0.00711117  -0.01420813     0.00627137  -0.00230495
  0.00711117   0.01420813     0.30788974   0.00000000     0.01193935   0.00229828
  0.00627137   0.00230495     0.01193935  -0.00229828     0.27419487   0.00000000

     Dynamical  Matrix in cartesian axes

     q = (    0.625000000   0.375000000   0.875000000 ) 

    1    1
  0.27419487   0.00000000     0.01193935   0.00229828     0.00627137  -0.00230495
  0.01193935  -0.00229828     0.30788974   0.00000000     0.00711117  -0.01420813
  0.00627137   0.00230495     0.00711117   0.01420813     0.28987699   0.00000000
    1    2
  0.04527688  -0.10837450    -0.03571404   0.07773358    -0.13258052  -0.01323588
 -0.03571404   0.07773358     0.05206330  -0.11388638    -0.06360231   0.01573019
 -0.13258052  -0.01323588    -0.06360231   0.01573019     0.04904826  -0.11812491
    2    1
  0.04527688   0.10837450    -0.03571404  -0.07773358    -0.13258052   0.01323588
 -0.03571404  -0.07773358     0.05206330   0.11388638    -0.06360231  -0.01573019
 -0.13258052   0.01323588    -0.06360231  -0.01573019     0.04904826   0.11812491
    2    2
  0.27419487   0.00000000     0.01193935  -0.00229828     0.00627137   0.00230495
  0.01193935   0.00229828     0.30788974   0.00000000     0.00711117   0.01420813
  0.00627137  -0.00230495     0.00711117  -0.01420813     0.28987699   0.00000000

     Dynamical  Matrix in cartesian axes

     q = (    0.875000000  -0.375000000  -0.625000000 ) 

    1    1
  0.28987699   0.00000000    -0.00711117  -0.01420813    -0.00627137  -0.00230495
 -0.00711117   0.01420813     0.30788974   0.00000000     0.01193935  -0.00229828
 -0.00627137   0.00230495     0.01193935   0.00229828     0.27419487   0.00000000
    1    2
 -0.04904826   0.11812491    -0.06360231   0.01573019    -0.13258052  -0.01323588
 -0.06360231   0.01573019    -0.05206330   0.11388638     0.03571404  -0.07773358
 -0.13258052  -0.01323588     0.03571404  -0.07773358    -0.04527688   0.10837450
    2    1
 -0.04904826  -0.11812491    -0.06360231  -0.01573019    -0.13258052   0.01323588
 -0.06360231  -0.01573019    -0.05206330  -0.11388638     0.03571404   0.07773358
 -0.13258052   0.01323588     0.03571404   0.07773358    -0.04527688  -0.10837450
    2    2
  0.28987699   0.00000000    -0.00711117   0.01420813    -0.00627137   0.00230495
 -0.00711117  -0.01420813     0.30788974  -0.00000000     0.01193935   0.00229828
 -0.00627137  -0.00230495     0.01193935  -0.00229828     0.27419487   0.00000000

     Dynamical  Matrix in cartesian axes

     q = (    0.875000000  -0.375000000   0.625000000 ) 

    1    1
  0.28987699   0.00000000    -0.00711117   0.01420813     0.00627137  -0.00230495
 -0.00711117  -0.01420813     0.30788974   0.00000000    -0.01193935  -0.00229828
  0.00627137   0.00230495    -0.01193935   0.00229828     0.27419487   0.00000000
    1    2
 -0.11812491   0.04904826    -0.01573019   0.06360231    -0.01323588  -0.13258052
 -0.01573019   0.06360231    -0.11388638   0.05206330    -0.07773358   0.03571404
 -0.01323588  -0.13258052    -0.07773358   0.03571404    -0.10837450   0.04527688
    2    1
 -0.11812491  -0.04904826    -0.01573019  -0.06360231    -0.01323588   0.13258052
 -0.01573019  -0.06360231    -0.11388638  -0.05206330    -0.07773358  -0.03571404
 -0.01323588   0.13258052    -0.07773358  -0.03571404    -0.10837450  -0.04527688
    2    2
  0.28987699   0.00000000    -0.00711117  -0.01420813     0.00627137   0.00230495
 -0.00711117   0.01420813     0.30788974   0.00000000    -0.01193935   0.00229828
  0.00627137  -0.00230495    -0.01193935  -0.00229828     0.27419487   0.00000000

     Dynamical  Matrix in cartesian axes

     q = (   -0.875000000  -0.375000000   0.625000000 ) 

    1    1
  0.28987699   0.00000000     0.00711117   0.01420813    -0.00627137  -0.00230495
  0.00711117  -0.01420813     0.30788974  -0.00000000    -0.01193935   0.00229828
 -0.00627137   0.00230495    -0.01193935  -0.00229828     0.27419487   0.00000000
    1    2
 -0.11820928   0.04884456     0.05609655   0.03385070    -0.08438940  -0.10310776
  0.05609655   0.03385070    -0.11734415   0.04371552    -0.08021958   0.02971230
 -0.08438940  -0.10310776    -0.08021958   0.02971230    -0.10864793   0.04461676
    2    1
 -0.11820928  -0.04884456     0.05609655  -0.03385070    -0.08438940   0.10310776
  0.05609655  -0.03385070    -0.11734415  -0.04371552    -0.08021958  -0.02971230
 -0.08438940   0.10310776    -0.08021958  -0.02971230    -0.10864793  -0.04461676
    2    2
  0.28987699   0.00000000     0.00711117  -0.01420813    -0.00627137   0.00230495
  0.00711117   0.01420813     0.30788974   0.00000000    -0.01193935  -0.00229828
 -0.00627137  -0.00230495    -0.01193935   0.00229828     0.27419487   0.00000000

     Dynamical  Matrix in cartesian axes

     q = (   -0.625000000  -0.375000000  -0.875000000 ) 

    1    1
  0.27419487   0.00000000     0.01193935  -0.00229828     0.00627137   0.00230495
  0.01193935   0.00229828     0.30788974   0.00000000     0.00711117   0.01420813
  0.00627137  -0.00230495     0.00711117  -0.01420813     0.28987699   0.00000000
    1    2
  0.04527688   0.10837450    -0.03571404  -0.07773358    -0.13258052   0.01323588
 -0.03571404  -0.07773358     0.05206330   0.11388638    -0.06360231  -0.01573019
 -0.13258052   0.01323588    -0.06360231  -0.01573019     0.04904826   0.11812491
    2    1
  0.04527688  -0.10837450    -0.03571404   0.07773358    -0.13258052  -0.01323588
 -0.03571404   0.07773358     0.05206330  -0.11388638    -0.06360231   0.01573019
 -0.13258052  -0.01323588    -0.06360231   0.01573019     0.04904826  -0.11812491
    2    2
  0.27419487   0.00000000     0.01193935   0.00229828     0.00627137  -0.00230495
  0.01193935  -0.00229828     0.30788974   0.00000000     0.00711117  -0.01420813
  0.00627137   0.00230495     0.00711117   0.01420813     0.28987699   0.00000000

     Dynamical  Matrix in cartesian axes

     q = (   -0.875000000   0.375000000  -0.625000000 ) 

    1    1
  0.28987699   0.00000000    -0.00711117  -0.01420813     0.00627137   0.00230495
 -0.00711117   0.01420813     0.30788974   0.00000000    -0.01193935   0.00229828
  0.00627137  -0.00230495    -0.01193935  -0.00229828     0.27419487   0.00000000
    1    2
 -0.11812491  -0.04904826    -0.01573019  -0.06360231    -0.01323588   0.13258052
 -0.01573019  -0.06360231    -0.11388638  -0.05206330    -0.07773358  -0.03571404
 -0.01323588   0.13258052    -0.07773358  -0.03571404    -0.10837450  -0.04527688
    2    1
 -0.11812491   0.04904826    -0.01573019   0.06360231    -0.01323588  -0.13258052
 -0.01573019   0.06360231    -0.11388638   0.05206330    -0.07773358   0.03571404
 -0.01323588  -0.13258052    -0.07773358   0.03571404    -0.10837450   0.04527688
    2    2
  0.28987699   0.00000000    -0.00711117   0.01420813     0.00627137  -0.00230495
 -0.00711117  -0.01420813     0.30788974   0.00000000    -0.01193935  -0.00229828
  0.00627137   0.00230495    -0.01193935   0.00229828     0.27419487   0.00000000

     Dynamical  Matrix in cartesian axes

     q = (   -0.625000000  -0.375000000   0.875000000 ) 

    1    1
  0.27419487   0.00000000     0.01193935   0.00229828    -0.00627137   0.00230495
  0.01193935  -0.00229828     0.30788974  -0.00000000    -0.00711117   0.01420813
 -0.00627137  -0.00230495    -0.00711117  -0.01420813     0.28987699   0.00000000
    1    2
 -0.04527688   0.10837450     0.03571404  -0.07773358    -0.13258052  -0.01323588
  0.03571404  -0.07773358    -0.05206330   0.11388638    -0.06360231   0.01573019
 -0.13258052  -0.01323588    -0.06360231   0.01573019    -0.04904826   0.11812491
    2    1
 -0.04527688  -0.10837450     0.03571404   0.07773358    -0.13258052   0.01323588
  0.03571404   0.07773358    -0.05206330  -0.11388638    -0.06360231  -0.01573019
 -0.13258052   0.01323588    -0.06360231  -0.01573019    -0.04904826  -0.11812491
    2    2
  0.27419487   0.00000000     0.01193935  -0.00229828    -0.00627137  -0.00230495
  0.01193935   0.00229828     0.30788974   0.00000000    -0.00711117  -0.01420813
 -0.00627137   0.00230495    -0.00711117   0.01420813     0.28987699   0.00000000

     Dynamical  Matrix in cartesian axes

     q = (   -0.875000000   0.375000000   0.625000000 ) 

    1    1
  0.28987699   0.00000000    -0.00711117   0.01420813    -0.00627137   0.00230495
 -0.00711117  -0.01420813     0.30788974  -0.00000000     0.01193935   0.00229828
 -0.00627137  -0.00230495     0.01193935  -0.00229828     0.27419487   0.00000000
    1    2
 -0.04904826  -0.11812491    -0.06360231  -0.01573019    -0.13258052   0.01323588
 -0.06360231  -0.01573019    -0.05206330  -0.11388638     0.03571404   0.07773358
 -0.13258052   0.01323588     0.03571404   0.07773358    -0.04527688  -0.10837450
    2    1
 -0.04904826   0.11812491    -0.06360231   0.01573019    -0.13258052  -0.01323588
 -0.06360231   0.01573019    -0.05206330   0.11388638     0.03571404  -0.07773358
 -0.13258052  -0.01323588     0.03571404  -0.07773358    -0.04527688   0.10837450
    2    2
  0.28987699   0.00000000    -0.00711117  -0.01420813    -0.00627137  -0.00230495
 -0.00711117   0.01420813     0.30788974   0.00000000     0.01193935  -0.00229828
 -0.00627137   0.00230495     0.01193935   0.00229828     0.27419487   0.00000000

     Dynamical  Matrix in cartesian axes

     q = (    0.875000000   0.375000000  -0.625000000 ) 

    1    1
  0.28987699   0.00000000     0.00711117  -0.01420813    -0.00627137   0.00230495
  0.00711117   0.01420813     0.30788974   0.00000000    -0.01193935  -0.00229828
 -0.00627137  -0.00230495    -0.01193935   0.00229828     0.27419487   0.00000000
    1    2
 -0.11820928  -0.04884456     0.05609655  -0.03385070    -0.08438940   0.10310776
  0.05609655  -0.03385070    -0.11734415  -0.04371552    -0.08021958  -0.02971230
 -0.08438940   0.10310776    -0.08021958  -0.02971230    -0.10864793  -0.04461676
    2    1
 -0.11820928   0.04884456     0.05609655   0.03385070    -0.08438940  -0.10310776
  0.05609655   0.03385070    -0.11734415   0.04371552    -0.08021958   0.02971230
 -0.08438940  -0.10310776    -0.08021958   0.02971230    -0.10864793   0.04461676
    2    2
  0.28987699   0.00000000     0.00711117   0.01420813    -0.00627137  -0.00230495
  0.00711117  -0.01420813     0.30788974  -0.00000000    -0.01193935   0.00229828
 -0.00627137   0.00230495    -0.01193935  -0.00229828     0.27419487   0.00000000

     Dynamical  Matrix in cartesian axes

     q = (   -0.625000000   0.375000000   0.875000000 ) 

    1    1
  0.27419487   0.00000000    -0.01193935   0.00229828    -0.00627137  -0.00230495
 -0.01193935  -0.00229828     0.30788974  -0.00000000     0.00711117   0.01420813
 -0.00627137   0.00230495     0.00711117  -0.01420813     0.28987699   0.00000000
    1    2
 -0.10864793  -0.04461676    -0.08021958  -0.02971230    -0.08438940   0.10310776
 -0.08021958  -0.02971230    -0.11734415  -0.04371552     0.05609655  -0.03385070
 -0.08438940   0.10310776     0.05609655  -0.03385070    -0.11820928  -0.04884456
    2    1
 -0.10864793   0.04461676    -0.08021958   0.02971230    -0.08438940  -0.10310776
 -0.08021958   0.02971230    -0.11734415   0.04371552     0.05609655   0.03385070
 -0.08438940  -0.10310776     0.05609655   0.03385070    -0.11820928   0.04884456
    2    2
  0.27419487   0.00000000    -0.01193935  -0.00229828    -0.00627137   0.00230495
 -0.01193935   0.00229828     0.30788974   0.00000000     0.00711117  -0.01420813
 -0.00627137  -0.00230495     0.00711117   0.01420813     0.28987699  -0.00000000

     Dynamical  Matrix in cartesian axes

     q = (   -0.875000000  -0.375000000  -0.625000000 ) 

    1    1
  0.28987699   0.00000000     0.00711117  -0.01420813     0.00627137  -0.00230495
  0.00711117   0.01420813     0.30788974   0.00000000     0.01193935   0.00229828
  0.00627137   0.00230495     0.01193935  -0.00229828     0.27419487   0.00000000
    1    2
  0.04904826   0.11812491    -0.06360231  -0.01573019    -0.13258052   0.01323588
 -0.06360231  -0.01573019     0.05206330   0.11388638    -0.03571404  -0.07773358
 -0.13258052   0.01323588    -0.03571404  -0.07773358     0.04527688   0.10837450
    2    1
  0.04904826  -0.11812491    -0.06360231   0.01573019    -0.13258052  -0.01323588
 -0.06360231   0.01573019     0.05206330  -0.11388638    -0.03571404   0.07773358
 -0.13258052  -0.01323588    -0.03571404   0.07773358     0.04527688  -0.10837450
    2    2
  0.28987699   0.00000000     0.00711117   0.01420813     0.00627137   0.00230495
  0.00711117  -0.01420813     0.30788974   0.00000000     0.01193935  -0.00229828
  0.00627137  -0.00230495     0.01193935   0.00229828     0.27419487   0.00000000

     Dynamical  Matrix in cartesian axes

     q = (    0.625000000   0.375000000  -0.875000000 ) 

    1    1
  0.27419487   0.00000000     0.01193935  -0.00229828    -0.00627137  -0.00230495
  0.01193935   0.00229828     0.30788974   0.00000000    -0.00711117  -0.01420813
 -0.00627137   0.00230495    -0.00711117   0.01420813     0.28987699   0.00000000
    1    2
 -0.04527688  -0.10837450     0.03571404   0.07773358    -0.13258052   0.01323588
  0.03571404   0.07773358    -0.05206330  -0.11388638    -0.06360231  -0.01573019
 -0.13258052   0.01323588    -0.06360231  -0.01573019    -0.04904826  -0.11812491
    2    1
 -0.04527688   0.10837450     0.03571404  -0.07773358    -0.13258052  -0.01323588
  0.03571404  -0.07773358    -0.05206330   0.11388638    -0.06360231   0.01573019
 -0.13258052  -0.01323588    -0.06360231   0.01573019    -0.04904826   0.11812491
    2    2
  0.27419487   0.00000000     0.01193935   0.00229828    -0.00627137   0.00230495
  0.01193935  -0.00229828     0.30788974  -0.00000000    -0.00711117   0.01420813
 -0.00627137  -0.00230495    -0.00711117  -0.01420813     0.28987699   0.00000000

     Dynamical  Matrix in cartesian axes

     q = (   -0.625000000   0.375000000  -0.875000000 ) 

    1    1
  0.27419487   0.00000000    -0.01193935  -0.00229828     0.00627137  -0.00230495
 -0.01193935   0.00229828     0.30788974   0.00000000    -0.00711117   0.01420813
  0.00627137   0.00230495    -0.00711117  -0.01420813     0.28987699   0.00000000
    1    2
 -0.10837450  -0.04527688    -0.07773358  -0.03571404    -0.01323588   0.13258052
 -0.07773358  -0.03571404    -0.11388638  -0.05206330    -0.01573019  -0.06360231
 -0.01323588   0.13258052    -0.01573019  -0.06360231    -0.11812491  -0.04904826
    2    1
 -0.10837450   0.04527688    -0.07773358   0.03571404    -0.01323588  -0.13258052
 -0.07773358   0.03571404    -0.11388638   0.05206330    -0.01573019   0.06360231
 -0.01323588  -0.13258052    -0.01573019   0.06360231    -0.11812491   0.04904826
    2    2
  0.27419487   0.00000000    -0.01193935   0.00229828     0.00627137   0.00230495
 -0.01193935  -0.00229828     0.30788974   0.00000000    -0.00711117  -0.01420813
  0.00627137  -0.00230495    -0.00711117   0.01420813     0.28987699  -0.00000000

     Dynamical  Matrix in cartesian axes

     q = (   -0.375000000   0.875000000   0.625000000 ) 

    1    1
  0.30788974   0.00000000    -0.00711117  -0.01420813    -0.01193935  -0.00229828
 -0.00711117   0.01420813     0.28987699  -0.00000000     0.00627137  -0.00230495
 -0.01193935   0.00229828     0.00627137   0.00230495     0.27419487   0.00000000
    1    2
 -0.11388638   0.05206330    -0.01573019   0.06360231    -0.07773358   0.03571404
 -0.01573019   0.06360231    -0.11812491   0.04904826    -0.01323588  -0.13258052
 -0.07773358   0.03571404    -0.01323588  -0.13258052    -0.10837450   0.04527688
    2    1
 -0.11388638  -0.05206330    -0.01573019  -0.06360231    -0.07773358  -0.03571404
 -0.01573019  -0.06360231    -0.11812491  -0.04904826    -0.01323588   0.13258052
 -0.07773358  -0.03571404    -0.01323588   0.13258052    -0.10837450  -0.04527688
    2    2
  0.30788974   0.00000000    -0.00711117   0.01420813    -0.01193935   0.00229828
 -0.00711117  -0.01420813     0.28987699   0.00000000     0.00627137   0.00230495
 -0.01193935  -0.00229828     0.00627137  -0.00230495     0.27419487   0.00000000

     Dynamical  Matrix in cartesian axes

     q = (    0.375000000   0.875000000  -0.625000000 ) 

    1    1
  0.30788974   0.00000000     0.00711117   0.01420813    -0.01193935  -0.00229828
  0.00711117  -0.01420813     0.28987699   0.00000000    -0.00627137   0.00230495
 -0.01193935   0.00229828    -0.00627137  -0.00230495     0.27419487   0.00000000
    1    2
 -0.11734415  -0.04371552     0.05609655  -0.03385070    -0.08021958  -0.02971230
  0.05609655  -0.03385070    -0.11820928  -0.04884456    -0.08438940   0.10310776
 -0.08021958  -0.02971230    -0.08438940   0.10310776    -0.10864793  -0.04461676
    2    1
 -0.11734415   0.04371552     0.05609655   0.03385070    -0.08021958   0.02971230
  0.05609655   0.03385070    -0.11820928   0.04884456    -0.08438940  -0.10310776
 -0.08021958   0.02971230    -0.08438940  -0.10310776    -0.10864793   0.04461676
    2    2
  0.30788974   0.00000000     0.00711117  -0.01420813    -0.01193935   0.00229828
  0.00711117   0.01420813     0.28987699  -0.00000000    -0.00627137  -0.00230495
 -0.01193935  -0.00229828    -0.00627137   0.00230495     0.27419487   0.00000000

     Dynamical  Matrix in cartesian axes

     q = (   -0.375000000  -0.875000000  -0.625000000 ) 

    1    1
  0.30788974   0.00000000     0.00711117   0.01420813     0.01193935   0.00229828
  0.00711117  -0.01420813     0.28987699   0.00000000     0.00627137  -0.00230495
  0.01193935  -0.00229828     0.00627137   0.00230495     0.27419487   0.00000000
    1    2
  0.05206330   0.11388638    -0.06360231  -0.01573019    -0.03571404  -0.07773358
 -0.06360231  -0.01573019     0.04904826   0.11812491    -0.13258052   0.01323588
 -0.03571404  -0.07773358    -0.13258052   0.01323588     0.04527688   0.10837450
    2    1
  0.05206330  -0.11388638    -0.06360231   0.01573019    -0.03571404   0.07773358
 -0.06360231   0.01573019     0.04904826  -0.11812491    -0.13258052  -0.01323588
 -0.03571404   0.07773358    -0.13258052  -0.01323588     0.04527688  -0.10837450
    2    2
  0.30788974   0.00000000     0.00711117  -0.01420813     0.01193935  -0.00229828
  0.00711117   0.01420813     0.28987699   0.00000000     0.00627137   0.00230495
  0.01193935   0.00229828     0.00627137  -0.00230495     0.27419487   0.00000000

     Dynamical  Matrix in cartesian axes

     q = (   -0.375000000   0.625000000  -0.875000000 ) 

    1    1
  0.30788974   0.00000000    -0.01193935   0.00229828     0.00711117  -0.01420813
 -0.01193935  -0.00229828     0.27419487   0.00000000    -0.00627137   0.00230495
  0.00711117   0.01420813    -0.00627137  -0.00230495     0.28987699   0.00000000
    1    2
 -0.11734415   0.04371552    -0.08021958   0.02971230     0.05609655   0.03385070
 -0.08021958   0.02971230    -0.10864793   0.04461676    -0.08438940  -0.10310776
  0.05609655   0.03385070    -0.08438940  -0.10310776    -0.11820928   0.04884456
    2    1
 -0.11734415  -0.04371552    -0.08021958  -0.02971230     0.05609655  -0.03385070
 -0.08021958  -0.02971230    -0.10864793  -0.04461676    -0.08438940   0.10310776
  0.05609655  -0.03385070    -0.08438940   0.10310776    -0.11820928  -0.04884456
    2    2
  0.30788974   0.00000000    -0.01193935  -0.00229828     0.00711117   0.01420813
 -0.01193935   0.00229828     0.27419487   0.00000000    -0.00627137  -0.00230495
  0.00711117  -0.01420813    -0.00627137   0.00230495     0.28987699  -0.00000000

     Dynamical  Matrix in cartesian axes

     q = (    0.875000000   0.625000000  -0.375000000 ) 

    1    1
  0.28987699   0.00000000     0.00627137  -0.00230495    -0.00711117   0.01420813
  0.00627137   0.00230495     0.27419487   0.00000000    -0.01193935   0.00229828
 -0.00711117  -0.01420813    -0.01193935  -0.00229828     0.30788974   0.00000000
    1    2
 -0.11812491   0.04904826    -0.01323588  -0.13258052    -0.01573019   0.06360231
 -0.01323588  -0.13258052    -0.10837450   0.04527688    -0.07773358   0.03571404
 -0.01573019   0.06360231    -0.07773358   0.03571404    -0.11388638   0.05206330
    2    1
 -0.11812491  -0.04904826    -0.01323588   0.13258052    -0.01573019  -0.06360231
 -0.01323588   0.13258052    -0.10837450  -0.04527688    -0.07773358  -0.03571404
 -0.01573019  -0.06360231    -0.07773358  -0.03571404    -0.11388638  -0.05206330
    2    2
  0.28987699   0.00000000     0.00627137   0.00230495    -0.00711117  -0.01420813
  0.00627137  -0.00230495     0.27419487   0.00000000    -0.01193935  -0.00229828
 -0.00711117   0.01420813    -0.01193935   0.00229828     0.30788974   0.00000000

     Dynamical  Matrix in cartesian axes

     q = (   -0.375000000   0.875000000  -0.625000000 ) 

    1    1
  0.30788974   0.00000000    -0.00711117   0.01420813     0.01193935  -0.00229828
 -0.00711117  -0.01420813     0.28987699   0.00000000    -0.00627137  -0.00230495
  0.01193935   0.00229828    -0.00627137   0.00230495     0.27419487   0.00000000
    1    2
 -0.05206330   0.11388638    -0.06360231   0.01573019     0.03571404  -0.07773358
 -0.06360231   0.01573019    -0.04904826   0.11812491    -0.13258052  -0.01323588
  0.03571404  -0.07773358    -0.13258052  -0.01323588    -0.04527688   0.10837450
    2    1
 -0.05206330  -0.11388638    -0.06360231  -0.01573019     0.03571404   0.07773358
 -0.06360231  -0.01573019    -0.04904826  -0.11812491    -0.13258052   0.01323588
  0.03571404   0.07773358    -0.13258052   0.01323588    -0.04527688  -0.10837450
    2    2
  0.30788974   0.00000000    -0.00711117  -0.01420813     0.01193935   0.00229828
 -0.00711117   0.01420813     0.28987699   0.00000000    -0.00627137   0.00230495
  0.01193935  -0.00229828    -0.00627137  -0.00230495     0.27419487   0.00000000

     Dynamical  Matrix in cartesian axes

     q = (   -0.875000000  -0.625000000  -0.375000000 ) 

    1    1
  0.28987699   0.00000000     0.00627137  -0.00230495     0.00711117  -0.01420813
  0.00627137   0.00230495     0.27419487   0.00000000     0.01193935  -0.00229828
  0.00711117   0.01420813     0.01193935   0.00229828     0.30788974   0.00000000
    1    2
  0.04904826   0.11812491    -0.13258052   0.01323588    -0.06360231  -0.01573019
 -0.13258052   0.01323588     0.04527688   0.10837450    -0.03571404  -0.07773358
 -0.06360231  -0.01573019    -0.03571404  -0.07773358     0.05206330   0.11388638
    2    1
  0.04904826  -0.11812491    -0.13258052  -0.01323588    -0.06360231   0.01573019
 -0.13258052  -0.01323588     0.04527688  -0.10837450    -0.03571404   0.07773358
 -0.06360231   0.01573019    -0.03571404   0.07773358     0.05206330  -0.11388638
    2    2
  0.28987699   0.00000000     0.00627137   0.00230495     0.00711117   0.01420813
  0.00627137  -0.00230495     0.27419487   0.00000000     0.01193935   0.00229828
  0.00711117  -0.01420813     0.01193935  -0.00229828     0.30788974   0.00000000

     Dynamical  Matrix in cartesian axes

     q = (   -0.875000000   0.625000000   0.375000000 ) 

    1    1
  0.28987699   0.00000000    -0.00627137   0.00230495    -0.00711117   0.01420813
 -0.00627137  -0.00230495     0.27419487   0.00000000     0.01193935  -0.00229828
 -0.00711117  -0.01420813     0.01193935   0.00229828     0.30788974   0.00000000
    1    2
 -0.04904826  -0.11812491    -0.13258052   0.01323588    -0.06360231  -0.01573019
 -0.13258052   0.01323588    -0.04527688  -0.10837450     0.03571404   0.07773358
 -0.06360231  -0.01573019     0.03571404   0.07773358    -0.05206330  -0.11388638
    2    1
 -0.04904826   0.11812491    -0.13258052  -0.01323588    -0.06360231   0.01573019
 -0.13258052  -0.01323588    -0.04527688   0.10837450     0.03571404  -0.07773358
 -0.06360231   0.01573019     0.03571404  -0.07773358    -0.05206330   0.11388638
    2    2
  0.28987699   0.00000000    -0.00627137  -0.00230495    -0.00711117  -0.01420813
 -0.00627137   0.00230495     0.27419487   0.00000000     0.01193935   0.00229828
 -0.00711117   0.01420813     0.01193935  -0.00229828     0.30788974  -0.00000000

     Dynamical  Matrix in cartesian axes

     q = (    0.375000000  -0.625000000   0.875000000 ) 

    1    1
  0.30788974   0.00000000    -0.01193935  -0.00229828     0.00711117   0.01420813
 -0.01193935   0.00229828     0.27419487   0.00000000    -0.00627137  -0.00230495
  0.00711117  -0.01420813    -0.00627137   0.00230495     0.28987699  -0.00000000
    1    2
 -0.11734415  -0.04371552    -0.08021958  -0.02971230     0.05609655  -0.03385070
 -0.08021958  -0.02971230    -0.10864793  -0.04461676    -0.08438940   0.10310776
  0.05609655  -0.03385070    -0.08438940   0.10310776    -0.11820928  -0.04884456
    2    1
 -0.11734415   0.04371552    -0.08021958   0.02971230     0.05609655   0.03385070
 -0.08021958   0.02971230    -0.10864793   0.04461676    -0.08438940  -0.10310776
  0.05609655   0.03385070    -0.08438940  -0.10310776    -0.11820928   0.04884456
    2    2
  0.30788974   0.00000000    -0.01193935   0.00229828     0.00711117  -0.01420813
 -0.01193935  -0.00229828     0.27419487   0.00000000    -0.00627137   0.00230495
  0.00711117   0.01420813    -0.00627137  -0.00230495     0.28987699   0.00000000

     Dynamical  Matrix in cartesian axes

     q = (    0.375000000  -0.875000000   0.625000000 ) 

    1    1
  0.30788974   0.00000000    -0.00711117  -0.01420813     0.01193935   0.00229828
 -0.00711117   0.01420813     0.28987699   0.00000000    -0.00627137   0.00230495
  0.01193935  -0.00229828    -0.00627137  -0.00230495     0.27419487   0.00000000
    1    2
 -0.05206330  -0.11388638    -0.06360231  -0.01573019     0.03571404   0.07773358
 -0.06360231  -0.01573019    -0.04904826  -0.11812491    -0.13258052   0.01323588
  0.03571404   0.07773358    -0.13258052   0.01323588    -0.04527688  -0.10837450
    2    1
 -0.05206330   0.11388638    -0.06360231   0.01573019     0.03571404  -0.07773358
 -0.06360231   0.01573019    -0.04904826   0.11812491    -0.13258052  -0.01323588
  0.03571404  -0.07773358    -0.13258052  -0.01323588    -0.04527688   0.10837450
    2    2
  0.30788974   0.00000000    -0.00711117   0.01420813     0.01193935  -0.00229828
 -0.00711117  -0.01420813     0.28987699   0.00000000    -0.00627137  -0.00230495
  0.01193935   0.00229828    -0.00627137   0.00230495     0.27419487   0.00000000

     Dynamical  Matrix in cartesian axes

     q = (    0.625000000  -0.875000000   0.375000000 ) 

    1    1
  0.27419487   0.00000000    -0.00627137  -0.00230495     0.01193935  -0.00229828
 -0.00627137   0.00230495     0.28987699   0.00000000    -0.00711117   0.01420813
  0.01193935   0.00229828    -0.00711117  -0.01420813     0.30788974  -0.00000000
    1    2
 -0.04527688  -0.10837450    -0.13258052   0.01323588     0.03571404   0.07773358
 -0.13258052   0.01323588    -0.04904826  -0.11812491    -0.06360231  -0.01573019
  0.03571404   0.07773358    -0.06360231  -0.01573019    -0.05206330  -0.11388638
    2    1
 -0.04527688   0.10837450    -0.13258052  -0.01323588     0.03571404  -0.07773358
 -0.13258052  -0.01323588    -0.04904826   0.11812491    -0.06360231   0.01573019
  0.03571404  -0.07773358    -0.06360231   0.01573019    -0.05206330   0.11388638
    2    2
  0.27419487   0.00000000    -0.00627137   0.00230495     0.01193935   0.00229828
 -0.00627137  -0.00230495     0.28987699   0.00000000    -0.00711117  -0.01420813
  0.01193935  -0.00229828    -0.00711117   0.01420813     0.30788974   0.00000000

     Dynamical  Matrix in cartesian axes

     q = (   -0.875000000   0.625000000  -0.375000000 ) 

    1    1
  0.28987699   0.00000000    -0.00627137  -0.00230495     0.00711117   0.01420813
 -0.00627137   0.00230495     0.27419487   0.00000000    -0.01193935  -0.00229828
  0.00711117  -0.01420813    -0.01193935   0.00229828     0.30788974   0.00000000
    1    2
 -0.11820928   0.04884456    -0.08438940  -0.10310776     0.05609655   0.03385070
 -0.08438940  -0.10310776    -0.10864793   0.04461676    -0.08021958   0.02971230
  0.05609655   0.03385070    -0.08021958   0.02971230    -0.11734415   0.04371552
    2    1
 -0.11820928  -0.04884456    -0.08438940   0.10310776     0.05609655  -0.03385070
 -0.08438940   0.10310776    -0.10864793  -0.04461676    -0.08021958  -0.02971230
  0.05609655  -0.03385070    -0.08021958  -0.02971230    -0.11734415  -0.04371552
    2    2
  0.28987699   0.00000000    -0.00627137   0.00230495     0.00711117  -0.01420813
 -0.00627137  -0.00230495     0.27419487   0.00000000    -0.01193935   0.00229828
  0.00711117   0.01420813    -0.01193935  -0.00229828     0.30788974  -0.00000000

     Dynamical  Matrix in cartesian axes

     q = (    0.375000000   0.625000000   0.875000000 ) 

    1    1
  0.30788974   0.00000000     0.01193935  -0.00229828     0.00711117  -0.01420813
  0.01193935   0.00229828     0.27419487   0.00000000     0.00627137  -0.00230495
  0.00711117   0.01420813     0.00627137   0.00230495     0.28987699   0.00000000
    1    2
  0.05206330  -0.11388638    -0.03571404   0.07773358    -0.06360231   0.01573019
 -0.03571404   0.07773358     0.04527688  -0.10837450    -0.13258052  -0.01323588
 -0.06360231   0.01573019    -0.13258052  -0.01323588     0.04904826  -0.11812491
    2    1
  0.05206330   0.11388638    -0.03571404  -0.07773358    -0.06360231  -0.01573019
 -0.03571404  -0.07773358     0.04527688   0.10837450    -0.13258052   0.01323588
 -0.06360231  -0.01573019    -0.13258052   0.01323588     0.04904826   0.11812491
    2    2
  0.30788974   0.00000000     0.01193935   0.00229828     0.00711117   0.01420813
  0.01193935  -0.00229828     0.27419487   0.00000000     0.00627137   0.00230495
  0.00711117  -0.01420813     0.00627137  -0.00230495     0.28987699   0.00000000

     Dynamical  Matrix in cartesian axes

     q = (   -0.375000000   0.625000000   0.875000000 ) 

    1    1
  0.30788974   0.00000000    -0.01193935  -0.00229828    -0.00711117  -0.01420813
 -0.01193935   0.00229828     0.27419487   0.00000000     0.00627137   0.00230495
 -0.00711117   0.01420813     0.00627137  -0.00230495     0.28987699   0.00000000
    1    2
 -0.11388638   0.05206330    -0.07773358   0.03571404    -0.01573019   0.06360231
 -0.07773358   0.03571404    -0.10837450   0.04527688    -0.01323588  -0.13258052
 -0.01573019   0.06360231    -0.01323588  -0.13258052    -0.11812491   0.04904826
    2    1
 -0.11388638  -0.05206330    -0.07773358  -0.03571404    -0.01573019  -0.06360231
 -0.07773358  -0.03571404    -0.10837450  -0.04527688    -0.01323588   0.13258052
 -0.01573019  -0.06360231    -0.01323588   0.13258052    -0.11812491  -0.04904826
    2    2
  0.30788974   0.00000000    -0.01193935   0.00229828    -0.00711117   0.01420813
 -0.01193935  -0.00229828     0.27419487   0.00000000     0.00627137  -0.00230495
 -0.00711117  -0.01420813     0.00627137   0.00230495     0.28987699  -0.00000000

     Dynamical  Matrix in cartesian axes

     q = (    0.375000000   0.625000000  -0.875000000 ) 

    1    1
  0.30788974   0.00000000     0.01193935   0.00229828    -0.00711117  -0.01420813
  0.01193935  -0.00229828     0.27419487   0.00000000    -0.00627137  -0.00230495
 -0.00711117   0.01420813    -0.00627137   0.00230495     0.28987699   0.00000000
    1    2
 -0.05206330  -0.11388638     0.03571404   0.07773358    -0.06360231  -0.01573019
  0.03571404   0.07773358    -0.04527688  -0.10837450    -0.13258052   0.01323588
 -0.06360231  -0.01573019    -0.13258052   0.01323588    -0.04904826  -0.11812491
    2    1
 -0.05206330   0.11388638     0.03571404  -0.07773358    -0.06360231   0.01573019
  0.03571404  -0.07773358    -0.04527688   0.10837450    -0.13258052  -0.01323588
 -0.06360231   0.01573019    -0.13258052  -0.01323588    -0.04904826   0.11812491
    2    2
  0.30788974   0.00000000     0.01193935  -0.00229828    -0.00711117   0.01420813
  0.01193935   0.00229828     0.27419487   0.00000000    -0.00627137   0.00230495
 -0.00711117  -0.01420813    -0.00627137  -0.00230495     0.28987699   0.00000000

     Dynamical  Matrix in cartesian axes

     q = (   -0.375000000  -0.625000000  -0.875000000 ) 

    1    1
  0.30788974   0.00000000     0.01193935   0.00229828     0.00711117   0.01420813
  0.01193935  -0.00229828     0.27419487   0.00000000     0.00627137   0.00230495
  0.00711117  -0.01420813     0.00627137  -0.00230495     0.28987699   0.00000000
    1    2
  0.05206330   0.11388638    -0.03571404  -0.07773358    -0.06360231  -0.01573019
 -0.03571404  -0.07773358     0.04527688   0.10837450    -0.13258052   0.01323588
 -0.06360231  -0.01573019    -0.13258052   0.01323588     0.04904826   0.11812491
    2    1
  0.05206330  -0.11388638    -0.03571404   0.07773358    -0.06360231   0.01573019
 -0.03571404   0.07773358     0.04527688  -0.10837450    -0.13258052  -0.01323588
 -0.06360231   0.01573019    -0.13258052  -0.01323588     0.04904826  -0.11812491
    2    2
  0.30788974   0.00000000     0.01193935  -0.00229828     0.00711117  -0.01420813
  0.01193935   0.00229828     0.27419487   0.00000000     0.00627137  -0.00230495
  0.00711117   0.01420813     0.00627137   0.00230495     0.28987699   0.00000000

     Dynamical  Matrix in cartesian axes

     q = (   -0.625000000  -0.875000000   0.375000000 ) 

    1    1
  0.27419487   0.00000000     0.00627137  -0.00230495    -0.01193935  -0.00229828
  0.00627137   0.00230495     0.28987699  -0.00000000    -0.00711117  -0.01420813
 -0.01193935   0.00229828    -0.00711117   0.01420813     0.30788974   0.00000000
    1    2
 -0.10837450  -0.04527688    -0.01323588   0.13258052    -0.07773358  -0.03571404
 -0.01323588   0.13258052    -0.11812491  -0.04904826    -0.01573019  -0.06360231
 -0.07773358  -0.03571404    -0.01573019  -0.06360231    -0.11388638  -0.05206330
    2    1
 -0.10837450   0.04527688    -0.01323588  -0.13258052    -0.07773358   0.03571404
 -0.01323588  -0.13258052    -0.11812491   0.04904826    -0.01573019   0.06360231
 -0.07773358   0.03571404    -0.01573019   0.06360231    -0.11388638   0.05206330
    2    2
  0.27419487   0.00000000     0.00627137   0.00230495    -0.01193935   0.00229828
  0.00627137  -0.00230495     0.28987699   0.00000000    -0.00711117   0.01420813
 -0.01193935  -0.00229828    -0.00711117  -0.01420813     0.30788974   0.00000000

     Dynamical  Matrix in cartesian axes

     q = (   -0.375000000  -0.625000000   0.875000000 ) 

    1    1
  0.30788974   0.00000000     0.01193935  -0.00229828    -0.00711117   0.01420813
  0.01193935   0.00229828     0.27419487   0.00000000    -0.00627137   0.00230495
 -0.00711117  -0.01420813    -0.00627137  -0.00230495     0.28987699   0.00000000
    1    2
 -0.05206330   0.11388638     0.03571404  -0.07773358    -0.06360231   0.01573019
  0.03571404  -0.07773358    -0.04527688   0.10837450    -0.13258052  -0.01323588
 -0.06360231   0.01573019    -0.13258052  -0.01323588    -0.04904826   0.11812491
    2    1
 -0.05206330  -0.11388638     0.03571404   0.07773358    -0.06360231  -0.01573019
  0.03571404   0.07773358    -0.04527688  -0.10837450    -0.13258052   0.01323588
 -0.06360231  -0.01573019    -0.13258052   0.01323588    -0.04904826  -0.11812491
    2    2
  0.30788974   0.00000000     0.01193935   0.00229828    -0.00711117  -0.01420813
  0.01193935  -0.00229828     0.27419487   0.00000000    -0.00627137  -0.00230495
 -0.00711117   0.01420813    -0.00627137   0.00230495     0.28987699   0.00000000

     Dynamical  Matrix in cartesian axes

     q = (    0.875000000  -0.625000000   0.375000000 ) 

    1    1
  0.28987699   0.00000000    -0.00627137   0.00230495     0.00711117  -0.01420813
 -0.00627137  -0.00230495     0.27419487   0.00000000    -0.01193935   0.00229828
  0.00711117   0.01420813    -0.01193935  -0.00229828     0.30788974  -0.00000000
    1    2
 -0.11820928  -0.04884456    -0.08438940   0.10310776     0.05609655  -0.03385070
 -0.08438940   0.10310776    -0.10864793  -0.04461676    -0.08021958  -0.02971230
  0.05609655  -0.03385070    -0.08021958  -0.02971230    -0.11734415  -0.04371552
    2    1
 -0.11820928   0.04884456    -0.08438940  -0.10310776     0.05609655   0.03385070
 -0.08438940  -0.10310776    -0.10864793   0.04461676    -0.08021958   0.02971230
  0.05609655   0.03385070    -0.08021958   0.02971230    -0.11734415   0.04371552
    2    2
  0.28987699   0.00000000    -0.00627137  -0.00230495     0.00711117   0.01420813
 -0.00627137   0.00230495     0.27419487   0.00000000    -0.01193935  -0.00229828
  0.00711117  -0.01420813    -0.01193935   0.00229828     0.30788974   0.00000000

     Dynamical  Matrix in cartesian axes

     q = (    0.625000000   0.875000000   0.375000000 ) 

    1    1
  0.27419487   0.00000000     0.00627137  -0.00230495     0.01193935   0.00229828
  0.00627137   0.00230495     0.28987699   0.00000000     0.00711117   0.01420813
  0.01193935  -0.00229828     0.00711117  -0.01420813     0.30788974   0.00000000
    1    2
  0.04527688  -0.10837450    -0.13258052  -0.01323588    -0.03571404   0.07773358
 -0.13258052  -0.01323588     0.04904826  -0.11812491    -0.06360231   0.01573019
 -0.03571404   0.07773358    -0.06360231   0.01573019     0.05206330  -0.11388638
    2    1
  0.04527688   0.10837450    -0.13258052   0.01323588    -0.03571404  -0.07773358
 -0.13258052   0.01323588     0.04904826   0.11812491    -0.06360231  -0.01573019
 -0.03571404  -0.07773358    -0.06360231  -0.01573019     0.05206330   0.11388638
    2    2
  0.27419487   0.00000000     0.00627137   0.00230495     0.01193935  -0.00229828
  0.00627137  -0.00230495     0.28987699   0.00000000     0.00711117  -0.01420813
  0.01193935   0.00229828     0.00711117   0.01420813     0.30788974   0.00000000

     Dynamical  Matrix in cartesian axes

     q = (    0.375000000  -0.625000000  -0.875000000 ) 

    1    1
  0.30788974   0.00000000    -0.01193935   0.00229828    -0.00711117   0.01420813
 -0.01193935  -0.00229828     0.27419487   0.00000000     0.00627137  -0.00230495
 -0.00711117  -0.01420813     0.00627137   0.00230495     0.28987699  -0.00000000
    1    2
 -0.11388638  -0.05206330    -0.07773358  -0.03571404    -0.01573019  -0.06360231
 -0.07773358  -0.03571404    -0.10837450  -0.04527688    -0.01323588   0.13258052
 -0.01573019  -0.06360231    -0.01323588   0.13258052    -0.11812491  -0.04904826
    2    1
 -0.11388638   0.05206330    -0.07773358   0.03571404    -0.01573019   0.06360231
 -0.07773358   0.03571404    -0.10837450   0.04527688    -0.01323588  -0.13258052
 -0.01573019   0.06360231    -0.01323588  -0.13258052    -0.11812491   0.04904826
    2    2
  0.30788974   0.00000000    -0.01193935  -0.00229828    -0.00711117  -0.01420813
 -0.01193935   0.00229828     0.27419487   0.00000000     0.00627137   0.00230495
 -0.00711117   0.01420813     0.00627137  -0.00230495     0.28987699   0.00000000

     Dynamical  Matrix in cartesian axes

     q = (    0.625000000   0.875000000  -0.375000000 ) 

    1    1
  0.27419487   0.00000000     0.00627137   0.00230495    -0.01193935   0.00229828
  0.00627137  -0.00230495     0.28987699   0.00000000    -0.00711117   0.01420813
 -0.01193935  -0.00229828    -0.00711117  -0.01420813     0.30788974   0.00000000
    1    2
 -0.10837450   0.04527688    -0.01323588  -0.13258052    -0.07773358   0.03571404
 -0.01323588  -0.13258052    -0.11812491   0.04904826    -0.01573019   0.06360231
 -0.07773358   0.03571404    -0.01573019   0.06360231    -0.11388638   0.05206330
    2    1
 -0.10837450  -0.04527688    -0.01323588   0.13258052    -0.07773358  -0.03571404
 -0.01323588   0.13258052    -0.11812491  -0.04904826    -0.01573019  -0.06360231
 -0.07773358  -0.03571404    -0.01573019  -0.06360231    -0.11388638  -0.05206330
    2    2
  0.27419487   0.00000000     0.00627137  -0.00230495    -0.01193935  -0.00229828
  0.00627137   0.00230495     0.28987699  -0.00000000    -0.00711117  -0.01420813
 -0.01193935   0.00229828    -0.00711117   0.01420813     0.30788974   0.00000000

     Dynamical  Matrix in cartesian axes

     q = (   -0.625000000  -0.875000000  -0.375000000 ) 

    1    1
  0.27419487   0.00000000     0.00627137   0.00230495     0.01193935  -0.00229828
  0.00627137  -0.00230495     0.28987699   0.00000000     0.00711117  -0.01420813
  0.01193935   0.00229828     0.00711117   0.01420813     0.30788974   0.00000000
    1    2
  0.04527688   0.10837450    -0.13258052   0.01323588    -0.03571404  -0.07773358
 -0.13258052   0.01323588     0.04904826   0.11812491    -0.06360231  -0.01573019
 -0.03571404  -0.07773358    -0.06360231  -0.01573019     0.05206330   0.11388638
    2    1
  0.04527688  -0.10837450    -0.13258052  -0.01323588    -0.03571404   0.07773358
 -0.13258052  -0.01323588     0.04904826  -0.11812491    -0.06360231   0.01573019
 -0.03571404   0.07773358    -0.06360231   0.01573019     0.05206330  -0.11388638
    2    2
  0.27419487   0.00000000     0.00627137  -0.00230495     0.01193935   0.00229828
  0.00627137   0.00230495     0.28987699   0.00000000     0.00711117   0.01420813
  0.01193935  -0.00229828     0.00711117  -0.01420813     0.30788974   0.00000000

     Dynamical  Matrix in cartesian axes

     q = (   -0.625000000   0.875000000  -0.375000000 ) 

    1    1
  0.27419487   0.00000000    -0.00627137   0.00230495     0.01193935   0.00229828
 -0.00627137  -0.00230495     0.28987699   0.00000000    -0.00711117  -0.01420813
  0.01193935  -0.00229828    -0.00711117   0.01420813     0.30788974   0.00000000
    1    2
 -0.04527688   0.10837450    -0.13258052  -0.01323588     0.03571404  -0.07773358
 -0.13258052  -0.01323588    -0.04904826   0.11812491    -0.06360231   0.01573019
  0.03571404  -0.07773358    -0.06360231   0.01573019    -0.05206330   0.11388638
    2    1
 -0.04527688  -0.10837450    -0.13258052   0.01323588     0.03571404   0.07773358
 -0.13258052   0.01323588    -0.04904826  -0.11812491    -0.06360231  -0.01573019
  0.03571404   0.07773358    -0.06360231  -0.01573019    -0.05206330  -0.11388638
    2    2
  0.27419487   0.00000000    -0.00627137  -0.00230495     0.01193935  -0.00229828
 -0.00627137   0.00230495     0.28987699   0.00000000    -0.00711117   0.01420813
  0.01193935   0.00229828    -0.00711117  -0.01420813     0.30788974  -0.00000000

     Dynamical  Matrix in cartesian axes

     q = (    0.375000000  -0.875000000  -0.625000000 ) 

    1    1
  0.30788974   0.00000000    -0.00711117   0.01420813    -0.01193935   0.00229828
 -0.00711117  -0.01420813     0.28987699   0.00000000     0.00627137   0.00230495
 -0.01193935  -0.00229828     0.00627137  -0.00230495     0.27419487   0.00000000
    1    2
 -0.11388638  -0.05206330    -0.01573019  -0.06360231    -0.07773358  -0.03571404
 -0.01573019  -0.06360231    -0.11812491  -0.04904826    -0.01323588   0.13258052
 -0.07773358  -0.03571404    -0.01323588   0.13258052    -0.10837450  -0.04527688
    2    1
 -0.11388638   0.05206330    -0.01573019   0.06360231    -0.07773358   0.03571404
 -0.01573019   0.06360231    -0.11812491   0.04904826    -0.01323588  -0.13258052
 -0.07773358   0.03571404    -0.01323588  -0.13258052    -0.10837450   0.04527688
    2    2
  0.30788974   0.00000000    -0.00711117  -0.01420813    -0.01193935  -0.00229828
 -0.00711117   0.01420813     0.28987699  -0.00000000     0.00627137  -0.00230495
 -0.01193935   0.00229828     0.00627137   0.00230495     0.27419487   0.00000000

     Dynamical  Matrix in cartesian axes

     q = (   -0.375000000  -0.875000000   0.625000000 ) 

    1    1
  0.30788974   0.00000000     0.00711117  -0.01420813    -0.01193935   0.00229828
  0.00711117   0.01420813     0.28987699  -0.00000000    -0.00627137  -0.00230495
 -0.01193935  -0.00229828    -0.00627137   0.00230495     0.27419487   0.00000000
    1    2
 -0.11734415   0.04371552     0.05609655   0.03385070    -0.08021958   0.02971230
  0.05609655   0.03385070    -0.11820928   0.04884456    -0.08438940  -0.10310776
 -0.08021958   0.02971230    -0.08438940  -0.10310776    -0.10864793   0.04461676
    2    1
 -0.11734415  -0.04371552     0.05609655  -0.03385070    -0.08021958  -0.02971230
  0.05609655  -0.03385070    -0.11820928  -0.04884456    -0.08438940   0.10310776
 -0.08021958  -0.02971230    -0.08438940   0.10310776    -0.10864793  -0.04461676
    2    2
  0.30788974   0.00000000     0.00711117   0.01420813    -0.01193935  -0.00229828
  0.00711117  -0.01420813     0.28987699   0.00000000    -0.00627137   0.00230495
 -0.01193935   0.00229828    -0.00627137  -0.00230495     0.27419487   0.00000000

     Dynamical  Matrix in cartesian axes

     q = (    0.375000000   0.875000000   0.625000000 ) 

    1    1
  0.30788974   0.00000000     0.00711117  -0.01420813     0.01193935  -0.00229828
  0.00711117   0.01420813     0.28987699   0.00000000     0.00627137   0.00230495
  0.01193935   0.00229828     0.00627137  -0.00230495     0.27419487   0.00000000
    1    2
  0.05206330  -0.11388638    -0.06360231   0.01573019    -0.03571404   0.07773358
 -0.06360231   0.01573019     0.04904826  -0.11812491    -0.13258052  -0.01323588
 -0.03571404   0.07773358    -0.13258052  -0.01323588     0.04527688  -0.10837450
    2    1
  0.05206330   0.11388638    -0.06360231  -0.01573019    -0.03571404  -0.07773358
 -0.06360231  -0.01573019     0.04904826   0.11812491    -0.13258052   0.01323588
 -0.03571404  -0.07773358    -0.13258052   0.01323588     0.04527688   0.10837450
    2    2
  0.30788974   0.00000000     0.00711117   0.01420813     0.01193935   0.00229828
  0.00711117  -0.01420813     0.28987699   0.00000000     0.00627137  -0.00230495
  0.01193935  -0.00229828     0.00627137   0.00230495     0.27419487   0.00000000

     Dynamical  Matrix in cartesian axes

     q = (    0.625000000  -0.875000000  -0.375000000 ) 

    1    1
  0.27419487   0.00000000    -0.00627137   0.00230495    -0.01193935  -0.00229828
 -0.00627137  -0.00230495     0.28987699   0.00000000     0.00711117   0.01420813
 -0.01193935   0.00229828     0.00711117  -0.01420813     0.30788974  -0.00000000
    1    2
 -0.10864793   0.04461676    -0.08438940  -0.10310776    -0.08021958   0.02971230
 -0.08438940  -0.10310776    -0.11820928   0.04884456     0.05609655   0.03385070
 -0.08021958   0.02971230     0.05609655   0.03385070    -0.11734415   0.04371552
    2    1
 -0.10864793  -0.04461676    -0.08438940   0.10310776    -0.08021958  -0.02971230
 -0.08438940   0.10310776    -0.11820928  -0.04884456     0.05609655  -0.03385070
 -0.08021958  -0.02971230     0.05609655  -0.03385070    -0.11734415  -0.04371552
    2    2
  0.27419487   0.00000000    -0.00627137  -0.00230495    -0.01193935   0.00229828
 -0.00627137   0.00230495     0.28987699  -0.00000000     0.00711117  -0.01420813
 -0.01193935  -0.00229828     0.00711117   0.01420813     0.30788974   0.00000000

     Dynamical  Matrix in cartesian axes

     q = (   -0.875000000  -0.625000000   0.375000000 ) 

    1    1
  0.28987699   0.00000000     0.00627137   0.00230495    -0.00711117  -0.01420813
  0.00627137  -0.00230495     0.27419487   0.00000000    -0.01193935  -0.00229828
 -0.00711117   0.01420813    -0.01193935   0.00229828     0.30788974   0.00000000
    1    2
 -0.11812491  -0.04904826    -0.01323588   0.13258052    -0.01573019  -0.06360231
 -0.01323588   0.13258052    -0.10837450  -0.04527688    -0.07773358  -0.03571404
 -0.01573019  -0.06360231    -0.07773358  -0.03571404    -0.11388638  -0.05206330
    2    1
 -0.11812491   0.04904826    -0.01323588  -0.13258052    -0.01573019   0.06360231
 -0.01323588  -0.13258052    -0.10837450   0.04527688    -0.07773358   0.03571404
 -0.01573019   0.06360231    -0.07773358   0.03571404    -0.11388638   0.05206330
    2    2
  0.28987699   0.00000000     0.00627137  -0.00230495    -0.00711117   0.01420813
  0.00627137   0.00230495     0.27419487   0.00000000    -0.01193935   0.00229828
 -0.00711117  -0.01420813    -0.01193935  -0.00229828     0.30788974   0.00000000

     Dynamical  Matrix in cartesian axes

     q = (   -0.625000000   0.875000000   0.375000000 ) 

    1    1
  0.27419487   0.00000000    -0.00627137  -0.00230495    -0.01193935   0.00229828
 -0.00627137   0.00230495     0.28987699  -0.00000000     0.00711117  -0.01420813
 -0.01193935  -0.00229828     0.00711117   0.01420813     0.30788974   0.00000000
    1    2
 -0.10864793  -0.04461676    -0.08438940   0.10310776    -0.08021958  -0.02971230
 -0.08438940   0.10310776    -0.11820928  -0.04884456     0.05609655  -0.03385070
 -0.08021958  -0.02971230     0.05609655  -0.03385070    -0.11734415  -0.04371552
    2    1
 -0.10864793   0.04461676    -0.08438940  -0.10310776    -0.08021958   0.02971230
 -0.08438940  -0.10310776    -0.11820928   0.04884456     0.05609655   0.03385070
 -0.08021958   0.02971230     0.05609655   0.03385070    -0.11734415   0.04371552
    2    2
  0.27419487   0.00000000    -0.00627137   0.00230495    -0.01193935  -0.00229828
 -0.00627137  -0.00230495     0.28987699   0.00000000     0.00711117   0.01420813
 -0.01193935   0.00229828     0.00711117  -0.01420813     0.30788974  -0.00000000

     Dynamical  Matrix in cartesian axes

     q = (    0.875000000   0.625000000   0.375000000 ) 

    1    1
  0.28987699   0.00000000     0.00627137   0.00230495     0.00711117   0.01420813
  0.00627137  -0.00230495     0.27419487   0.00000000     0.01193935   0.00229828
  0.00711117  -0.01420813     0.01193935  -0.00229828     0.30788974   0.00000000
    1    2
  0.04904826  -0.11812491    -0.13258052  -0.01323588    -0.06360231   0.01573019
 -0.13258052  -0.01323588     0.04527688  -0.10837450    -0.03571404   0.07773358
 -0.06360231   0.01573019    -0.03571404   0.07773358     0.05206330  -0.11388638
    2    1
  0.04904826   0.11812491    -0.13258052   0.01323588    -0.06360231  -0.01573019
 -0.13258052   0.01323588     0.04527688   0.10837450    -0.03571404  -0.07773358
 -0.06360231  -0.01573019    -0.03571404  -0.07773358     0.05206330   0.11388638
    2    2
  0.28987699   0.00000000     0.00627137  -0.00230495     0.00711117  -0.01420813
  0.00627137   0.00230495     0.27419487   0.00000000     0.01193935  -0.00229828
  0.00711117   0.01420813     0.01193935   0.00229828     0.30788974   0.00000000

     Dynamical  Matrix in cartesian axes

     q = (    0.875000000  -0.625000000  -0.375000000 ) 

    1    1
  0.28987699   0.00000000    -0.00627137  -0.00230495    -0.00711117  -0.01420813
 -0.00627137   0.00230495     0.27419487   0.00000000     0.01193935   0.00229828
 -0.00711117   0.01420813     0.01193935  -0.00229828     0.30788974  -0.00000000
    1    2
 -0.04904826   0.11812491    -0.13258052  -0.01323588    -0.06360231   0.01573019
 -0.13258052  -0.01323588    -0.04527688   0.10837450     0.03571404  -0.07773358
 -0.06360231   0.01573019     0.03571404  -0.07773358    -0.05206330   0.11388638
    2    1
 -0.04904826  -0.11812491    -0.13258052   0.01323588    -0.06360231  -0.01573019
 -0.13258052   0.01323588    -0.04527688  -0.10837450     0.03571404   0.07773358
 -0.06360231  -0.01573019     0.03571404   0.07773358    -0.05206330  -0.11388638
    2    2
  0.28987699   0.00000000    -0.00627137   0.00230495    -0.00711117   0.01420813
 -0.00627137  -0.00230495     0.27419487   0.00000000     0.01193935  -0.00229828
 -0.00711117  -0.01420813     0.01193935   0.00229828     0.30788974   0.00000000

     Diagonalizing the dynamical matrix

     q = (    0.625000000  -0.375000000   0.875000000 ) 

 **************************************************************************
     freq (    1) =       4.931883 [THz] =     164.509899 [cm-1]
 (  0.260819 -0.523835  0.183177 -0.231821 -0.004606  0.265055 ) 
 (  0.528287 -0.251679  0.234968 -0.179122 -0.265095  0.000000 ) 
     freq (    2) =       5.793390 [THz] =     193.246695 [cm-1]
 (  0.174230  0.196090  0.253749 -0.229153  0.521370 -0.206073 ) 
 (  0.089953 -0.246406  0.320217  0.119837  0.560618  0.000000 ) 
     freq (    3) =       9.109657 [THz] =     303.865460 [cm-1]
 (  0.025899  0.318116 -0.254574 -0.445584 -0.159777  0.330530 ) 
 (  0.275137  0.161766 -0.290377 -0.423124  0.367122  0.000000 ) 
     freq (    4) =      13.019975 [THz] =     434.299620 [cm-1]
 ( -0.056497 -0.375131  0.117385  0.491249  0.258421 -0.184930 ) 
 (  0.172364  0.337943 -0.190424 -0.467807  0.317774  0.000000 ) 
     freq (    5) =      14.469877 [THz] =     482.663154 [cm-1]
 (  0.255208 -0.448267  0.289853 -0.275953 -0.056531  0.265641 ) 
 ( -0.491570  0.156311 -0.330242  0.226065  0.271590  0.000000 ) 
     freq (    6) =      14.750110 [THz] =     492.010697 [cm-1]
 ( -0.161639 -0.225339 -0.210200  0.270184 -0.545331  0.092333 ) 
 (  0.121752 -0.249161  0.252355  0.231301  0.553093  0.000000 ) 
 **************************************************************************
