Dynamical matrix file
Phonons on a uniform q-grid                                                
  1    2   2  10.2000000   0.0000000   0.0000000   0.0000000   0.0000000   0.0000000
           1  'Si  '    25598.3672898282     
    1    1      0.0000000000      0.0000000000      0.0000000000
    2    1      0.2500000000      0.2500000000      0.2500000000

     Dynamical  Matrix in cartesian axes

     q = (    0.000000000   0.500000000   0.000000000 ) 

    1    1
  0.27237197   0.00000000     0.00000000   0.00000000     0.00000000   0.00000000
  0.00000000   0.00000000     0.34071656   0.00000000     0.00000000   0.00000000
  0.00000000   0.00000000     0.00000000   0.00000000     0.27237197   0.00000000
    1    2
 -0.13858846   0.13858846    -0.00000000   0.00000000    -0.09689834  -0.09689834
 -0.00000000  -0.00000000    -0.14993248   0.14993248    -0.00000000   0.00000000
 -0.09689834  -0.09689834    -0.00000000   0.00000000    -0.13858846   0.13858846
    2    1
 -0.13858846  -0.13858846    -0.00000000   0.00000000    -0.09689834   0.09689834
  0.00000000   0.00000000    -0.14993248  -0.14993248     0.00000000  -0.00000000
 -0.09689834   0.09689834     0.00000000   0.00000000    -0.13858846  -0.13858846
    2    2
  0.27237197   0.00000000     0.00000000   0.00000000    -0.00000000   0.00000000
  0.00000000   0.00000000     0.34071656   0.00000000     0.00000000   0.00000000
  0.00000000   0.00000000     0.00000000   0.00000000     0.27237197   0.00000000

     Dynamical  Matrix in cartesian axes

     q = (    0.000000000  -0.500000000   0.000000000 ) 

    1    1
  0.27237197   0.00000000     0.00000000   0.00000000    -0.00000000   0.00000000
 -0.00000000   0.00000000     0.34071656   0.00000000     0.00000000   0.00000000
 -0.00000000   0.00000000     0.00000000   0.00000000     0.27237197   0.00000000
    1    2
 -0.13858846  -0.13858846    -0.00000000  -0.00000000    -0.09689834   0.09689834
  0.00000000  -0.00000000    -0.14993248  -0.14993248     0.00000000  -0.00000000
 -0.09689834   0.09689834     0.00000000  -0.00000000    -0.13858846  -0.13858846
    2    1
 -0.13858846   0.13858846    -0.00000000   0.00000000    -0.09689834  -0.09689834
 -0.00000000   0.00000000    -0.14993248   0.14993248    -0.00000000   0.00000000
 -0.09689834  -0.09689834    -0.00000000   0.00000000    -0.13858846   0.13858846
    2    2
  0.27237197   0.00000000    -0.00000000   0.00000000     0.00000000   0.00000000
  0.00000000   0.00000000     0.34071656   0.00000000     0.00000000   0.00000000
  0.00000000   0.00000000     0.00000000   0.00000000     0.27237197   0.00000000

     Dynamical  Matrix in cartesian axes

     q = (    0.500000000   0.000000000   0.000000000 ) 

    1    1
  0.34071656   0.00000000    -0.00000000   0.00000000    -0.00000000   0.00000000
  0.00000000   0.00000000     0.27237197   0.00000000     0.00000000   0.00000000
 -0.00000000   0.00000000     0.00000000   0.00000000     0.27237197   0.00000000
    1    2
 -0.14993248   0.14993248    -0.00000000  -0.00000000     0.00000000   0.00000000
 -0.00000000   0.00000000    -0.13858846   0.13858846    -0.09689834  -0.09689834
  0.00000000   0.00000000    -0.09689834  -0.09689834    -0.13858846   0.13858846
    2    1
 -0.14993248  -0.14993248     0.00000000   0.00000000    -0.00000000  -0.00000000
  0.00000000  -0.00000000    -0.13858846  -0.13858846    -0.09689834   0.09689834
  0.00000000  -0.00000000    -0.09689834   0.09689834    -0.13858846  -0.13858846
    2    2
  0.34071656   0.00000000     0.00000000   0.00000000    -0.00000000   0.00000000
  0.00000000   0.00000000     0.27237197   0.00000000    -0.00000000   0.00000000
 -0.00000000   0.00000000    -0.00000000   0.00000000     0.27237197   0.00000000

     Dynamical  Matrix in cartesian axes

     q = (    0.000000000   0.000000000   0.500000000 ) 

    1    1
  0.27237197   0.00000000     0.00000000   0.00000000     0.00000000   0.00000000
  0.00000000   0.00000000     0.27237197   0.00000000     0.00000000   0.00000000
  0.00000000   0.00000000     0.00000000   0.00000000     0.34071656   0.00000000
    1    2
 -0.13858846   0.13858846    -0.09689834  -0.09689834     0.00000000  -0.00000000
 -0.09689834  -0.09689834    -0.13858846   0.13858846     0.00000000  -0.00000000
  0.00000000   0.00000000     0.00000000  -0.00000000    -0.14993248   0.14993248
    2    1
 -0.13858846  -0.13858846    -0.09689834   0.09689834    -0.00000000   0.00000000
 -0.09689834   0.09689834    -0.13858846  -0.13858846     0.00000000   0.00000000
 -0.00000000   0.00000000     0.00000000   0.00000000    -0.14993248  -0.14993248
    2    2
  0.27237197   0.00000000     0.00000000   0.00000000     0.00000000   0.00000000
 -0.00000000   0.00000000     0.27237197   0.00000000     0.00000000   0.00000000
  0.00000000   0.00000000     0.00000000   0.00000000     0.34071656   0.00000000

     Dynamical  Matrix in cartesian axes

     q = (    0.000000000   0.000000000  -0.500000000 ) 

    1    1
  0.27237197   0.00000000    -0.00000000   0.00000000     0.00000000   0.00000000
 -0.00000000   0.00000000     0.27237197   0.00000000     0.00000000   0.00000000
 -0.00000000   0.00000000     0.00000000   0.00000000     0.34071656   0.00000000
    1    2
 -0.13858846  -0.13858846    -0.09689834   0.09689834    -0.00000000   0.00000000
 -0.09689834   0.09689834    -0.13858846  -0.13858846     0.00000000   0.00000000
  0.00000000   0.00000000    -0.00000000   0.00000000    -0.14993248  -0.14993248
    2    1
 -0.13858846   0.13858846    -0.09689834  -0.09689834    -0.00000000  -0.00000000
 -0.09689834  -0.09689834    -0.13858846   0.13858846    -0.00000000  -0.00000000
 -0.00000000  -0.00000000    -0.00000000  -0.00000000    -0.14993248   0.14993248
    2    2
  0.27237197   0.00000000     0.00000000   0.00000000     0.00000000   0.00000000
  0.00000000   0.00000000     0.27237197   0.00000000     0.00000000   0.00000000
 -0.00000000   0.00000000     0.00000000   0.00000000     0.34071656   0.00000000

     Dynamical  Matrix in cartesian axes

     q = (   -0.500000000   0.000000000   0.000000000 ) 

    1    1
  0.34071656   0.00000000     0.00000000   0.00000000     0.00000000   0.00000000
  0.00000000   0.00000000     0.27237197   0.00000000     0.00000000   0.00000000
  0.00000000   0.00000000     0.00000000   0.00000000     0.27237197   0.00000000
    1    2
 -0.14993248  -0.14993248     0.00000000   0.00000000     0.00000000  -0.00000000
 -0.00000000   0.00000000    -0.13858846  -0.13858846    -0.09689834   0.09689834
  0.00000000  -0.00000000    -0.09689834   0.09689834    -0.13858846  -0.13858846
    2    1
 -0.14993248   0.14993248    -0.00000000   0.00000000    -0.00000000   0.00000000
  0.00000000   0.00000000    -0.13858846   0.13858846    -0.09689834  -0.09689834
  0.00000000   0.00000000    -0.09689834  -0.09689834    -0.13858846   0.13858846
    2    2
  0.34071656   0.00000000     0.00000000   0.00000000     0.00000000   0.00000000
  0.00000000   0.00000000     0.27237197   0.00000000     0.00000000   0.00000000
  0.00000000   0.00000000     0.00000000   0.00000000     0.27237197   0.00000000

     Diagonalizing the dynamical matrix

     q = (    0.000000000   0.500000000   0.000000000 ) 

 **************************************************************************
     freq (    1) =       3.747919 [THz] =     125.017106 [cm-1]
 ( -0.201164 -0.330118  0.000000  0.000000 -0.371146  0.461309 ) 
 (  0.111262  0.029412 -0.000000  0.000000 -0.697679  0.000000 ) 
     freq (    2) =       3.747919 [THz] =     125.017106 [cm-1]
 ( -0.540844  0.240922  0.000000 -0.000000 -0.267742 -0.278853 ) 
 ( -0.674509 -0.178309  0.000000 -0.000000 -0.115084  0.000000 ) 
     freq (    3) =       7.376060 [THz] =     246.038884 [cm-1]
 ( -0.000000  0.000000 -0.216793  0.673053 -0.000000 -0.000000 ) 
 ( -0.000000 -0.000000 -0.629216  0.322625  0.000000  0.000000 ) 
     freq (    4) =      14.706201 [THz] =     490.546061 [cm-1]
 (  0.257198  0.176845 -0.000000  0.000000  0.475861 -0.419680 ) 
 ( -0.069328  0.111325  0.000000  0.000000 -0.694838  0.000000 ) 
     freq (    5) =      14.706201 [THz] =     490.546061 [cm-1]
 (  0.182081  0.607801 -0.000000  0.000000 -0.311808  0.014153 ) 
 (  0.367312 -0.589815  0.000000 -0.000000 -0.131147  0.000000 ) 
     freq (    6) =      15.287431 [THz] =     509.933792 [cm-1]
 ( -0.000000  0.000000  0.552405 -0.441417  0.000000 -0.000000 ) 
 (  0.000000 -0.000000 -0.702738 -0.078480 -0.000000  0.000000 ) 
 **************************************************************************
