 &plot nbnd=   8, nks=    48 /
            0.000000  0.000000  0.000000
  -18.956   -6.565   -1.682   -1.682    3.891    7.414    9.470   10.180
            0.016667  0.028868  0.000000
  -18.940   -6.542   -1.867   -1.734    3.917    7.440    9.494   10.154
            0.033333  0.057735  0.000000
  -18.888   -6.485   -2.120   -1.917    3.998    7.512    9.564   10.147
            0.050000  0.086603  0.000000
  -18.808   -6.407   -2.526   -2.230    4.132    7.628    9.680   10.172
            0.066667  0.115470  0.000000
  -18.657   -6.238   -2.936   -2.528    4.321    7.809    9.843   10.275
            0.083333  0.144338  0.000000
  -18.461   -6.021   -3.485   -2.864    4.565    8.041   10.048   10.438
            0.100000  0.173205  0.000000
  -18.284   -5.762   -4.079   -3.318    4.858    8.321   10.244   10.637
            0.116667  0.202073  0.000000
  -18.013   -5.454   -4.764   -3.797    5.209    8.651   10.486   10.606
            0.133333  0.230940  0.000000
  -17.739   -5.337   -5.103   -4.319    5.610    9.027    9.810   10.771
            0.150000  0.259808  0.000000
  -17.381   -5.918   -4.760   -4.688    6.068    9.081    9.454   11.164
            0.166667  0.288675  0.000000
  -16.998   -6.617   -5.367   -4.254    6.580    8.223    9.912   11.507
            0.183333  0.317543  0.000000
  -16.614   -7.255   -5.920   -3.760    7.141    7.410   10.406   11.970
            0.200000  0.346410  0.000000
  -16.147   -7.826   -6.453   -3.240    6.638    7.758   10.912   12.419
            0.216667  0.375278  0.000000
  -15.668   -8.459   -7.019   -2.710    5.758    8.426   11.394   12.860
            0.233333  0.404145  0.000000
  -15.129   -9.049   -7.534   -2.128    5.055    9.146   11.807   13.369
            0.250000  0.433013  0.000000
  -14.558   -9.564   -7.978   -1.533    4.344    9.917   12.043   13.874
            0.266667  0.461880  0.000000
  -14.024  -10.102   -8.463   -0.938    3.667   10.727   12.044   14.296
            0.283333  0.490748  0.000000
  -13.414  -10.600   -8.902   -0.331    3.029   11.585   11.891   14.608
            0.300000  0.519615  0.000000
  -12.814  -11.011   -9.211    0.280    2.434   11.694   12.472   14.619
            0.316667  0.548483  0.000000
  -12.230  -11.364   -9.456    0.849    1.895   11.545   13.359   14.419
            0.333333  0.577350  0.000000
  -11.758  -11.758   -9.567    1.386    1.386   11.488   14.092   14.092
            0.300000  0.577350  0.000000
  -12.114  -11.526   -9.422    0.924    1.837   11.552   13.725   13.907
            0.266667  0.577350  0.000000
  -12.440  -11.564   -9.116    0.439    2.162   11.749   13.349   13.539
            0.233333  0.577350  0.000000
  -12.720  -11.692   -8.572    0.070    2.447   12.074   13.010   13.181
            0.200000  0.577350  0.000000
  -12.936  -11.838   -7.908   -0.199    2.670   12.255   12.510   12.707
            0.166667  0.577350  0.000000
  -13.100  -11.986   -7.221   -0.464    2.812   11.242   12.448   12.618
            0.133333  0.577350  0.000000
  -13.266  -12.128   -6.620   -0.688    2.908   10.323   12.229   12.393
            0.100000  0.577350  0.000000
  -13.381  -12.249   -6.064   -0.826    2.974    9.523   12.057   12.217
            0.066667  0.577350  0.000000
  -13.488  -12.346   -5.645   -0.952    3.000    8.893   11.933   12.089
            0.033333  0.577350  0.000000
  -13.514  -12.383   -5.334   -1.022    3.014    8.500   11.861   12.014
            0.000000  0.577350  0.000000
  -13.552  -12.407   -5.282   -1.050    3.040    8.389   11.836   11.988
            0.000000  0.543388  0.000000
  -13.872  -12.107   -5.309   -1.198    3.188    8.382   11.005   12.858
            0.000000  0.509427  0.000000
  -14.427  -11.448   -5.245   -1.564    3.663    8.429   10.153   13.291
            0.000000  0.475465  0.000000
  -14.965  -10.701   -5.114   -2.045    4.329    8.505    9.357   12.587
            0.000000  0.441503  0.000000
  -15.506   -9.902   -4.964   -2.564    5.146    8.550    8.699   11.910
            0.000000  0.407541  0.000000
  -16.004   -9.139   -4.818   -3.116    5.933    7.903    8.789   11.273
            0.000000  0.373580  0.000000
  -16.492   -8.298   -4.596   -3.673    6.813    7.264    8.916   10.668
            0.000000  0.339618  0.000000
  -16.901   -7.428   -4.319   -4.155    6.682    7.737    9.108   10.135
            0.000000  0.305656  0.000000
  -17.270   -6.724   -4.607   -4.053    6.154    8.585    9.317    9.680
            0.000000  0.271694  0.000000
  -17.637   -5.856   -5.016   -3.744    5.679    8.994    9.532    9.717
            0.000000  0.237732  0.000000
  -17.957   -5.387   -5.195   -3.401    5.259    8.690    9.590   10.479
            0.000000  0.203771  0.000000
  -18.211   -5.702   -4.337   -3.066    4.897    8.362    9.800   10.497
            0.000000  0.169809  0.000000
  -18.454   -5.975   -3.650   -2.747    4.589    8.072    9.833   10.234
            0.000000  0.135847  0.000000
  -18.627   -6.198   -2.962   -2.437    4.338    7.832    9.831   10.158
            0.000000  0.101885  0.000000
  -18.783   -6.373   -2.569   -2.096    4.142    7.645    9.685   10.107
            0.000000  0.067924  0.000000
  -18.898   -6.505   -2.155   -1.928    4.001    7.509    9.566   10.117
            0.000000  0.033962  0.000000
  -18.944   -6.544   -1.917   -1.789    3.918    7.440    9.494   10.139
            0.000000  0.000000  0.000000
  -18.956   -6.565   -1.682   -1.682    3.891    7.414    9.470   10.180
