                                                                           
      12      12      12      12      12      12       1       1
     2        7.50000000      0.00000000      0.00000000      0.00000000      0.00000000      0.00000000
       68.3917989586        4.0000000000       12.0000000000    17
   1   Al    3.00
   1       0.000000000    0.000000000    0.000000000    1
  1.765359805E-03  5.110153539E-03  1.486436936E-02  2.633585961E-02  3.241267389E-02
  3.265234776E-02  3.187727551E-02  3.265234776E-02  3.241267389E-02  2.633585961E-02
  1.486436936E-02  5.110153539E-03  5.110153539E-03  1.176564086E-02  2.257018053E-02
  3.083140306E-02  3.285144772E-02  3.180848490E-02  3.180848490E-02  3.285144772E-02
  3.083140306E-02  2.257018053E-02  1.176564086E-02  5.110153539E-03  1.486436936E-02
  2.257018053E-02  2.996050409E-02  3.266995148E-02  3.167035992E-02  3.074456187E-02
  3.167035992E-02  3.266995148E-02  2.996050409E-02  2.257018053E-02  1.486436936E-02
  1.176564086E-02  2.633585961E-02  3.083140306E-02  3.266995148E-02  3.160102554E-02
  3.005872875E-02  3.005872875E-02  3.160102554E-02  3.266995148E-02  3.083140306E-02
  2.633585961E-02  2.257018053E-02  2.257018053E-02  3.241267389E-02  3.285144772E-02
  3.167035992E-02  3.005872875E-02  2.935658733E-02  3.005872875E-02  3.167035992E-02
  3.285144772E-02  3.241267389E-02  3.083140306E-02  2.996050409E-02  3.083140306E-02
  3.265234776E-02  3.180848490E-02  3.074456187E-02  3.005872875E-02  3.005872875E-02
  3.074456187E-02  3.180848490E-02  3.265234776E-02  3.285144772E-02  3.266995148E-02
  3.266995148E-02  3.285144772E-02  3.187727551E-02  3.180848490E-02  3.167035992E-02
  3.160102554E-02  3.167035992E-02  3.180848490E-02  3.187727551E-02  3.180848490E-02
  3.167035992E-02  3.160102554E-02  3.167035992E-02  3.180848490E-02  3.265234776E-02
  3.285144772E-02  3.266995148E-02  3.266995148E-02  3.285144772E-02  3.265234776E-02
  3.180848490E-02  3.074456187E-02  3.005872875E-02  3.005872875E-02  3.074456187E-02
  3.180848490E-02  3.241267389E-02  3.083140306E-02  2.996050409E-02  3.083140306E-02
  3.241267389E-02  3.285144772E-02  3.167035992E-02  3.005872875E-02  2.935658733E-02
  3.005872875E-02  3.167035992E-02  3.285144772E-02  2.633585961E-02  2.257018053E-02
  2.257018053E-02  2.633585961E-02  3.083140306E-02  3.266995148E-02  3.160102554E-02
  3.005872875E-02  3.005872875E-02  3.160102554E-02  3.266995148E-02  3.083140306E-02
  1.486436936E-02  1.176564086E-02  1.486436936E-02  2.257018053E-02  2.996050409E-02
  3.266995148E-02  3.167035992E-02  3.074456187E-02  3.167035992E-02  3.266995148E-02
  2.996050409E-02  2.257018053E-02  5.110153539E-03  5.110153539E-03  1.176564086E-02
  2.257018053E-02  3.083140306E-02  3.285144772E-02  3.180848490E-02  3.180848490E-02
  3.285144772E-02  3.083140306E-02  2.257018053E-02  1.176564086E-02  5.110153539E-03
  1.176564086E-02  2.257018053E-02  3.083140306E-02  3.285144772E-02  3.180848490E-02
  3.180848490E-02  3.285144772E-02  3.083140306E-02  2.257018053E-02  1.176564086E-02
  5.110153539E-03  1.176564086E-02  2.045870068E-02  2.932334723E-02  3.311189921E-02
  3.247661204E-02  3.158746296E-02  3.247661204E-02  3.311189921E-02  2.932334723E-02
  2.045870068E-02  1.176564086E-02  8.402537542E-03  2.257018053E-02  2.932334723E-02
  3.306667089E-02  3.279599394E-02  3.134673443E-02  3.134673443E-02  3.279599394E-02
  3.306667089E-02  2.932334723E-02  2.257018053E-02  1.742541126E-02  1.742541126E-02
  3.083140306E-02  3.311189921E-02  3.279599394E-02  3.125765462E-02  3.048211027E-02
  3.125765462E-02  3.279599394E-02  3.311189921E-02  3.083140306E-02  2.730877239E-02
  2.561974817E-02  2.730877239E-02  3.285144772E-02  3.247661204E-02  3.134673443E-02
  3.048211027E-02  3.048211027E-02  3.134673443E-02  3.247661204E-02  3.285144772E-02
  3.202210613E-02  3.093765472E-02  3.093765472E-02  3.202210613E-02  3.180848490E-02
  3.158746296E-02  3.134673443E-02  3.125765462E-02  3.134673443E-02  3.158746296E-02
  3.180848490E-02  3.173476306E-02  3.138252222E-02  3.117337646E-02  3.138252222E-02
  3.173476306E-02  3.180848490E-02  3.247661204E-02  3.279599394E-02  3.279599394E-02
  3.247661204E-02  3.180848490E-02  3.088695767E-02  2.999011943E-02  2.944095399E-02
  2.944095399E-02  2.999011943E-02  3.088695767E-02  3.285144772E-02  3.311189921E-02
  3.306667089E-02  3.311189921E-02  3.285144772E-02  3.173476306E-02  2.999011943E-02
  2.847458010E-02  2.789267956E-02  2.847458010E-02  2.999011943E-02  3.173476306E-02
  3.083140306E-02  2.932334723E-02  2.932334723E-02  3.083140306E-02  3.202210613E-02
  3.138252222E-02  2.944095399E-02  2.789267956E-02  2.789267956E-02  2.944095399E-02
  3.138252222E-02  3.202210613E-02  2.257018053E-02  2.045870068E-02  2.257018053E-02
  2.730877239E-02  3.093765472E-02  3.117337646E-02  2.944095399E-02  2.847458010E-02
  2.944095399E-02  3.117337646E-02  3.093765472E-02  2.730877239E-02  1.176564086E-02
  1.176564086E-02  1.742541126E-02  2.561974817E-02  3.093765472E-02  3.138252222E-02
  2.999011943E-02  2.999011943E-02  3.138252222E-02  3.093765472E-02  2.561974817E-02
  1.742541126E-02  5.110153539E-03  8.402537542E-03  1.742541126E-02  2.730877239E-02
  3.202210613E-02  3.173476306E-02  3.088695767E-02  3.173476306E-02  3.202210613E-02
  2.730877239E-02  1.742541126E-02  8.402537542E-03  1.486436936E-02  2.257018053E-02
  2.996050409E-02  3.266995148E-02  3.167035992E-02  3.074456187E-02  3.167035992E-02
  3.266995148E-02  2.996050409E-02  2.257018053E-02  1.486436936E-02  1.176564086E-02
  2.257018053E-02  2.932334723E-02  3.306667089E-02  3.279599394E-02  3.134673443E-02
  3.134673443E-02  3.279599394E-02  3.306667089E-02  2.932334723E-02  2.257018053E-02
  1.742541126E-02  1.742541126E-02  2.996050409E-02  3.306667089E-02  3.317941517E-02
  3.171110463E-02  3.091604051E-02  3.171110463E-02  3.317941517E-02  3.306667089E-02
  2.996050409E-02  2.561974817E-02  2.359916833E-02  2.561974817E-02  3.266995148E-02
  3.279599394E-02  3.171110463E-02  3.074555353E-02  3.074555353E-02  3.171110463E-02
  3.279599394E-02  3.266995148E-02  3.093765472E-02  2.911574496E-02  2.911574496E-02
  3.093765472E-02  3.167035992E-02  3.134673443E-02  3.091604051E-02  3.074555353E-02
  3.091604051E-02  3.134673443E-02  3.167035992E-02  3.138252222E-02  3.058293453E-02
  3.013460308E-02  3.058293453E-02  3.138252222E-02  3.074456187E-02  3.134673443E-02
  3.171110463E-02  3.171110463E-02  3.134673443E-02  3.074456187E-02  2.999011943E-02
  2.917938191E-02  2.860550373E-02  2.860550373E-02  2.917938191E-02  2.999011943E-02
  3.167035992E-02  3.279599394E-02  3.317941517E-02  3.279599394E-02  3.167035992E-02
  2.999011943E-02  2.821250116E-02  2.688986596E-02  2.640682134E-02  2.688986596E-02
  2.821250116E-02  2.999011943E-02  3.266995148E-02  3.306667089E-02  3.306667089E-02
  3.266995148E-02  3.138252222E-02  2.917938191E-02  2.688986596E-02  2.549085580E-02
  2.549085580E-02  2.688986596E-02  2.917938191E-02  3.138252222E-02  2.996050409E-02
  2.932334723E-02  2.996050409E-02  3.093765472E-02  3.058293453E-02  2.860550373E-02
  2.640682134E-02  2.549085580E-02  2.640682134E-02  2.860550373E-02  3.058293453E-02
  3.093765472E-02  2.257018053E-02  2.257018053E-02  2.561974817E-02  2.911574496E-02
  3.013460308E-02  2.860550373E-02  2.688986596E-02  2.688986596E-02  2.860550373E-02
  3.013460308E-02  2.911574496E-02  2.561974817E-02  1.486436936E-02  1.742541126E-02
  2.359916833E-02  2.911574496E-02  3.058293453E-02  2.917938191E-02  2.821250116E-02
  2.917938191E-02  3.058293453E-02  2.911574496E-02  2.359916833E-02  1.742541126E-02
  1.176564086E-02  1.742541126E-02  2.561974817E-02  3.093765472E-02  3.138252222E-02
  2.999011943E-02  2.999011943E-02  3.138252222E-02  3.093765472E-02  2.561974817E-02
  1.742541126E-02  1.176564086E-02  2.633585961E-02  3.083140306E-02  3.266995148E-02
  3.160102554E-02  3.005872875E-02  3.005872875E-02  3.160102554E-02  3.266995148E-02
  3.083140306E-02  2.633585961E-02  2.257018053E-02  2.257018053E-02  3.083140306E-02
  3.311189921E-02  3.279599394E-02  3.125765462E-02  3.048211027E-02  3.125765462E-02
  3.279599394E-02  3.311189921E-02  3.083140306E-02  2.730877239E-02  2.561974817E-02
  2.730877239E-02  3.266995148E-02  3.279599394E-02  3.171110463E-02  3.074555353E-02
  3.074555353E-02  3.171110463E-02  3.279599394E-02  3.266995148E-02  3.093765472E-02
  2.911574496E-02  2.911574496E-02  3.093765472E-02  3.160102554E-02  3.125765462E-02
  3.074555353E-02  3.053607491E-02  3.074555353E-02  3.125765462E-02  3.160102554E-02
  3.117337646E-02  3.013460308E-02  2.956422722E-02  3.013460308E-02  3.117337646E-02
  3.005872875E-02  3.048211027E-02  3.074555353E-02  3.074555353E-02  3.048211027E-02
  3.005872875E-02  2.944095399E-02  2.860550373E-02  2.792407647E-02  2.792407647E-02
  2.860550373E-02  2.944095399E-02  3.005872875E-02  3.125765462E-02  3.171110463E-02
  3.125765462E-02  3.005872875E-02  2.847458010E-02  2.688986596E-02  2.569021271E-02
  2.523660083E-02  2.569021271E-02  2.688986596E-02  2.847458010E-02  3.160102554E-02
  3.279599394E-02  3.279599394E-02  3.160102554E-02  2.944095399E-02  2.688986596E-02
  2.471092218E-02  2.349165329E-02  2.349165329E-02  2.471092218E-02  2.688986596E-02
  2.944095399E-02  3.266995148E-02  3.311189921E-02  3.266995148E-02  3.117337646E-02
  2.860550373E-02  2.569021271E-02  2.349165329E-02  2.269513945E-02  2.349165329E-02
  2.569021271E-02  2.860550373E-02  3.117337646E-02  3.083140306E-02  3.083140306E-02
  3.093765472E-02  3.013460308E-02  2.792407647E-02  2.523660083E-02  2.349165329E-02
  2.349165329E-02  2.523660083E-02  2.792407647E-02  3.013460308E-02  3.093765472E-02
  2.633585961E-02  2.730877239E-02  2.911574496E-02  2.956422722E-02  2.792407647E-02
  2.569021271E-02  2.471092218E-02  2.569021271E-02  2.792407647E-02  2.956422722E-02
  2.911574496E-02  2.730877239E-02  2.257018053E-02  2.561974817E-02  2.911574496E-02
  3.013460308E-02  2.860550373E-02  2.688986596E-02  2.688986596E-02  2.860550373E-02
  3.013460308E-02  2.911574496E-02  2.561974817E-02  2.257018053E-02  2.257018053E-02
  2.730877239E-02  3.093765472E-02  3.117337646E-02  2.944095399E-02  2.847458010E-02
  2.944095399E-02  3.117337646E-02  3.093765472E-02  2.730877239E-02  2.257018053E-02
  2.045870068E-02  3.241267389E-02  3.285144772E-02  3.167035992E-02  3.005872875E-02
  2.935658733E-02  3.005872875E-02  3.167035992E-02  3.285144772E-02  3.241267389E-02
  3.083140306E-02  2.996050409E-02  3.083140306E-02  3.285144772E-02  3.247661204E-02
  3.134673443E-02  3.048211027E-02  3.048211027E-02  3.134673443E-02  3.247661204E-02
  3.285144772E-02  3.202210613E-02  3.093765472E-02  3.093765472E-02  3.202210613E-02
  3.167035992E-02  3.134673443E-02  3.091604051E-02  3.074555353E-02  3.091604051E-02
  3.134673443E-02  3.167035992E-02  3.138252222E-02  3.058293453E-02  3.013460308E-02
  3.058293453E-02  3.138252222E-02  3.005872875E-02  3.048211027E-02  3.074555353E-02
  3.074555353E-02  3.048211027E-02  3.005872875E-02  2.944095399E-02  2.860550373E-02
  2.792407647E-02  2.792407647E-02  2.860550373E-02  2.944095399E-02  2.935658733E-02
  3.048211027E-02  3.091604051E-02  3.048211027E-02  2.935658733E-02  2.789267956E-02
  2.640682134E-02  2.523660083E-02  2.477992347E-02  2.523660083E-02  2.640682134E-02
  2.789267956E-02  3.005872875E-02  3.134673443E-02  3.134673443E-02  3.005872875E-02
  2.789267956E-02  2.549085580E-02  2.349165329E-02  2.236890297E-02  2.236890297E-02
  2.349165329E-02  2.549085580E-02  2.789267956E-02  3.167035992E-02  3.247661204E-02
  3.167035992E-02  2.944095399E-02  2.640682134E-02  2.349165329E-02  2.149178123E-02
  2.079609836E-02  2.149178123E-02  2.349165329E-02  2.640682134E-02  2.944095399E-02
  3.285144772E-02  3.285144772E-02  3.138252222E-02  2.860550373E-02  2.523660083E-02
  2.236890297E-02  2.079609836E-02  2.079609836E-02  2.236890297E-02  2.523660083E-02
  2.860550373E-02  3.138252222E-02  3.241267389E-02  3.202210613E-02  3.058293453E-02
  2.792407647E-02  2.477992347E-02  2.236890297E-02  2.149178123E-02  2.236890297E-02
  2.477992347E-02  2.792407647E-02  3.058293453E-02  3.202210613E-02  3.083140306E-02
  3.093765472E-02  3.013460308E-02  2.792407647E-02  2.523660083E-02  2.349165329E-02
  2.349165329E-02  2.523660083E-02  2.792407647E-02  3.013460308E-02  3.093765472E-02
  3.083140306E-02  2.996050409E-02  3.093765472E-02  3.058293453E-02  2.860550373E-02
  2.640682134E-02  2.549085580E-02  2.640682134E-02  2.860550373E-02  3.058293453E-02
  3.093765472E-02  2.996050409E-02  2.932334723E-02  3.083140306E-02  3.202210613E-02
  3.138252222E-02  2.944095399E-02  2.789267956E-02  2.789267956E-02  2.944095399E-02
  3.138252222E-02  3.202210613E-02  3.083140306E-02  2.932334723E-02  2.932334723E-02
  3.265234776E-02  3.180848490E-02  3.074456187E-02  3.005872875E-02  3.005872875E-02
  3.074456187E-02  3.180848490E-02  3.265234776E-02  3.285144772E-02  3.266995148E-02
  3.266995148E-02  3.285144772E-02  3.180848490E-02  3.158746296E-02  3.134673443E-02
  3.125765462E-02  3.134673443E-02  3.158746296E-02  3.180848490E-02  3.173476306E-02
  3.138252222E-02  3.117337646E-02  3.138252222E-02  3.173476306E-02  3.074456187E-02
  3.134673443E-02  3.171110463E-02  3.171110463E-02  3.134673443E-02  3.074456187E-02
  2.999011943E-02  2.917938191E-02  2.860550373E-02  2.860550373E-02  2.917938191E-02
  2.999011943E-02  3.005872875E-02  3.125765462E-02  3.171110463E-02  3.125765462E-02
  3.005872875E-02  2.847458010E-02  2.688986596E-02  2.569021271E-02  2.523660083E-02
  2.569021271E-02  2.688986596E-02  2.847458010E-02  3.005872875E-02  3.134673443E-02
  3.134673443E-02  3.005872875E-02  2.789267956E-02  2.549085580E-02  2.349165329E-02
  2.236890297E-02  2.236890297E-02  2.349165329E-02  2.549085580E-02  2.789267956E-02
  3.074456187E-02  3.158746296E-02  3.074456187E-02  2.847458010E-02  2.549085580E-02
  2.269513945E-02  2.079609836E-02  2.013612999E-02  2.079609836E-02  2.269513945E-02
  2.549085580E-02  2.847458010E-02  3.180848490E-02  3.180848490E-02  2.999011943E-02
  2.688986596E-02  2.349165329E-02  2.079609836E-02  1.937329402E-02  1.937329402E-02
  2.079609836E-02  2.349165329E-02  2.688986596E-02  2.999011943E-02  3.265234776E-02
  3.173476306E-02  2.917938191E-02  2.569021271E-02  2.236890297E-02  2.013612999E-02
  1.937329402E-02  2.013612999E-02  2.236890297E-02  2.569021271E-02  2.917938191E-02
  3.173476306E-02  3.285144772E-02  3.138252222E-02  2.860550373E-02  2.523660083E-02
  2.236890297E-02  2.079609836E-02  2.079609836E-02  2.236890297E-02  2.523660083E-02
  2.860550373E-02  3.138252222E-02  3.285144772E-02  3.266995148E-02  3.117337646E-02
  2.860550373E-02  2.569021271E-02  2.349165329E-02  2.269513945E-02  2.349165329E-02
  2.569021271E-02  2.860550373E-02  3.117337646E-02  3.266995148E-02  3.311189921E-02
  3.266995148E-02  3.138252222E-02  2.917938191E-02  2.688986596E-02  2.549085580E-02
  2.549085580E-02  2.688986596E-02  2.917938191E-02  3.138252222E-02  3.266995148E-02
  3.306667089E-02  3.306667089E-02  3.285144772E-02  3.173476306E-02  2.999011943E-02
  2.847458010E-02  2.789267956E-02  2.847458010E-02  2.999011943E-02  3.173476306E-02
  3.285144772E-02  3.311189921E-02  3.306667089E-02  3.311189921E-02  3.187727551E-02
  3.180848490E-02  3.167035992E-02  3.160102554E-02  3.167035992E-02  3.180848490E-02
  3.187727551E-02  3.180848490E-02  3.167035992E-02  3.160102554E-02  3.167035992E-02
  3.180848490E-02  3.180848490E-02  3.247661204E-02  3.279599394E-02  3.279599394E-02
  3.247661204E-02  3.180848490E-02  3.088695767E-02  2.999011943E-02  2.944095399E-02
  2.944095399E-02  2.999011943E-02  3.088695767E-02  3.167035992E-02  3.279599394E-02
  3.317941517E-02  3.279599394E-02  3.167035992E-02  2.999011943E-02  2.821250116E-02
  2.688986596E-02  2.640682134E-02  2.688986596E-02  2.821250116E-02  2.999011943E-02
  3.160102554E-02  3.279599394E-02  3.279599394E-02  3.160102554E-02  2.944095399E-02
  2.688986596E-02  2.471092218E-02  2.349165329E-02  2.349165329E-02  2.471092218E-02
  2.688986596E-02  2.944095399E-02  3.167035992E-02  3.247661204E-02  3.167035992E-02
  2.944095399E-02  2.640682134E-02  2.349165329E-02  2.149178123E-02  2.079609836E-02
  2.149178123E-02  2.349165329E-02  2.640682134E-02  2.944095399E-02  3.180848490E-02
  3.180848490E-02  2.999011943E-02  2.688986596E-02  2.349165329E-02  2.079609836E-02
  1.937329402E-02  1.937329402E-02  2.079609836E-02  2.349165329E-02  2.688986596E-02
  2.999011943E-02  3.187727551E-02  3.088695767E-02  2.821250116E-02  2.471092218E-02
  2.149178123E-02  1.937329402E-02  1.865650745E-02  1.937329402E-02  2.149178123E-02
  2.471092218E-02  2.821250116E-02  3.088695767E-02  3.180848490E-02  2.999011943E-02
  2.688986596E-02  2.349165329E-02  2.079609836E-02  1.937329402E-02  1.937329402E-02
  2.079609836E-02  2.349165329E-02  2.688986596E-02  2.999011943E-02  3.180848490E-02
  3.167035992E-02  2.944095399E-02  2.640682134E-02  2.349165329E-02  2.149178123E-02
  2.079609836E-02  2.149178123E-02  2.349165329E-02  2.640682134E-02  2.944095399E-02
  3.167035992E-02  3.247661204E-02  3.160102554E-02  2.944095399E-02  2.688986596E-02
  2.471092218E-02  2.349165329E-02  2.349165329E-02  2.471092218E-02  2.688986596E-02
  2.944095399E-02  3.160102554E-02  3.279599394E-02  3.279599394E-02  3.167035992E-02
  2.999011943E-02  2.821250116E-02  2.688986596E-02  2.640682134E-02  2.688986596E-02
  2.821250116E-02  2.999011943E-02  3.167035992E-02  3.279599394E-02  3.317941517E-02
  3.279599394E-02  3.180848490E-02  3.088695767E-02  2.999011943E-02  2.944095399E-02
  2.944095399E-02  2.999011943E-02  3.088695767E-02  3.180848490E-02  3.247661204E-02
  3.279599394E-02  3.279599394E-02  3.247661204E-02  3.265234776E-02  3.285144772E-02
  3.266995148E-02  3.266995148E-02  3.285144772E-02  3.265234776E-02  3.180848490E-02
  3.074456187E-02  3.005872875E-02  3.005872875E-02  3.074456187E-02  3.180848490E-02
  3.285144772E-02  3.311189921E-02  3.306667089E-02  3.311189921E-02  3.285144772E-02
  3.173476306E-02  2.999011943E-02  2.847458010E-02  2.789267956E-02  2.847458010E-02
  2.999011943E-02  3.173476306E-02  3.266995148E-02  3.306667089E-02  3.306667089E-02
  3.266995148E-02  3.138252222E-02  2.917938191E-02  2.688986596E-02  2.549085580E-02
  2.549085580E-02  2.688986596E-02  2.917938191E-02  3.138252222E-02  3.266995148E-02
  3.311189921E-02  3.266995148E-02  3.117337646E-02  2.860550373E-02  2.569021271E-02
  2.349165329E-02  2.269513945E-02  2.349165329E-02  2.569021271E-02  2.860550373E-02
  3.117337646E-02  3.285144772E-02  3.285144772E-02  3.138252222E-02  2.860550373E-02
  2.523660083E-02  2.236890297E-02  2.079609836E-02  2.079609836E-02  2.236890297E-02
  2.523660083E-02  2.860550373E-02  3.138252222E-02  3.265234776E-02  3.173476306E-02
  2.917938191E-02  2.569021271E-02  2.236890297E-02  2.013612999E-02  1.937329402E-02
  2.013612999E-02  2.236890297E-02  2.569021271E-02  2.917938191E-02  3.173476306E-02
  3.180848490E-02  2.999011943E-02  2.688986596E-02  2.349165329E-02  2.079609836E-02
  1.937329402E-02  1.937329402E-02  2.079609836E-02  2.349165329E-02  2.688986596E-02
  2.999011943E-02  3.180848490E-02  3.074456187E-02  2.847458010E-02  2.549085580E-02
  2.269513945E-02  2.079609836E-02  2.013612999E-02  2.079609836E-02  2.269513945E-02
  2.549085580E-02  2.847458010E-02  3.074456187E-02  3.158746296E-02  3.005872875E-02
  2.789267956E-02  2.549085580E-02  2.349165329E-02  2.236890297E-02  2.236890297E-02
  2.349165329E-02  2.549085580E-02  2.789267956E-02  3.005872875E-02  3.134673443E-02
  3.134673443E-02  3.005872875E-02  2.847458010E-02  2.688986596E-02  2.569021271E-02
  2.523660083E-02  2.569021271E-02  2.688986596E-02  2.847458010E-02  3.005872875E-02
  3.125765462E-02  3.171110463E-02  3.125765462E-02  3.074456187E-02  2.999011943E-02
  2.917938191E-02  2.860550373E-02  2.860550373E-02  2.917938191E-02  2.999011943E-02
  3.074456187E-02  3.134673443E-02  3.171110463E-02  3.171110463E-02  3.134673443E-02
  3.180848490E-02  3.173476306E-02  3.138252222E-02  3.117337646E-02  3.138252222E-02
  3.173476306E-02  3.180848490E-02  3.158746296E-02  3.134673443E-02  3.125765462E-02
  3.134673443E-02  3.158746296E-02  3.241267389E-02  3.083140306E-02  2.996050409E-02
  3.083140306E-02  3.241267389E-02  3.285144772E-02  3.167035992E-02  3.005872875E-02
  2.935658733E-02  3.005872875E-02  3.167035992E-02  3.285144772E-02  3.083140306E-02
  2.932334723E-02  2.932334723E-02  3.083140306E-02  3.202210613E-02  3.138252222E-02
  2.944095399E-02  2.789267956E-02  2.789267956E-02  2.944095399E-02  3.138252222E-02
  3.202210613E-02  2.996050409E-02  2.932334723E-02  2.996050409E-02  3.093765472E-02
  3.058293453E-02  2.860550373E-02  2.640682134E-02  2.549085580E-02  2.640682134E-02
  2.860550373E-02  3.058293453E-02  3.093765472E-02  3.083140306E-02  3.083140306E-02
  3.093765472E-02  3.013460308E-02  2.792407647E-02  2.523660083E-02  2.349165329E-02
  2.349165329E-02  2.523660083E-02  2.792407647E-02  3.013460308E-02  3.093765472E-02
  3.241267389E-02  3.202210613E-02  3.058293453E-02  2.792407647E-02  2.477992347E-02
  2.236890297E-02  2.149178123E-02  2.236890297E-02  2.477992347E-02  2.792407647E-02
  3.058293453E-02  3.202210613E-02  3.285144772E-02  3.138252222E-02  2.860550373E-02
  2.523660083E-02  2.236890297E-02  2.079609836E-02  2.079609836E-02  2.236890297E-02
  2.523660083E-02  2.860550373E-02  3.138252222E-02  3.285144772E-02  3.167035992E-02
  2.944095399E-02  2.640682134E-02  2.349165329E-02  2.149178123E-02  2.079609836E-02
  2.149178123E-02  2.349165329E-02  2.640682134E-02  2.944095399E-02  3.167035992E-02
  3.247661204E-02  3.005872875E-02  2.789267956E-02  2.549085580E-02  2.349165329E-02
  2.236890297E-02  2.236890297E-02  2.349165329E-02  2.549085580E-02  2.789267956E-02
  3.005872875E-02  3.134673443E-02  3.134673443E-02  2.935658733E-02  2.789267956E-02
  2.640682134E-02  2.523660083E-02  2.477992347E-02  2.523660083E-02  2.640682134E-02
  2.789267956E-02  2.935658733E-02  3.048211027E-02  3.091604051E-02  3.048211027E-02
  3.005872875E-02  2.944095399E-02  2.860550373E-02  2.792407647E-02  2.792407647E-02
  2.860550373E-02  2.944095399E-02  3.005872875E-02  3.048211027E-02  3.074555353E-02
  3.074555353E-02  3.048211027E-02  3.167035992E-02  3.138252222E-02  3.058293453E-02
  3.013460308E-02  3.058293453E-02  3.138252222E-02  3.167035992E-02  3.134673443E-02
  3.091604051E-02  3.074555353E-02  3.091604051E-02  3.134673443E-02  3.285144772E-02
  3.202210613E-02  3.093765472E-02  3.093765472E-02  3.202210613E-02  3.285144772E-02
  3.247661204E-02  3.134673443E-02  3.048211027E-02  3.048211027E-02  3.134673443E-02
  3.247661204E-02  2.633585961E-02  2.257018053E-02  2.257018053E-02  2.633585961E-02
  3.083140306E-02  3.266995148E-02  3.160102554E-02  3.005872875E-02  3.005872875E-02
  3.160102554E-02  3.266995148E-02  3.083140306E-02  2.257018053E-02  2.045870068E-02
  2.257018053E-02  2.730877239E-02  3.093765472E-02  3.117337646E-02  2.944095399E-02
  2.847458010E-02  2.944095399E-02  3.117337646E-02  3.093765472E-02  2.730877239E-02
  2.257018053E-02  2.257018053E-02  2.561974817E-02  2.911574496E-02  3.013460308E-02
  2.860550373E-02  2.688986596E-02  2.688986596E-02  2.860550373E-02  3.013460308E-02
  2.911574496E-02  2.561974817E-02  2.633585961E-02  2.730877239E-02  2.911574496E-02
  2.956422722E-02  2.792407647E-02  2.569021271E-02  2.471092218E-02  2.569021271E-02
  2.792407647E-02  2.956422722E-02  2.911574496E-02  2.730877239E-02  3.083140306E-02
  3.093765472E-02  3.013460308E-02  2.792407647E-02  2.523660083E-02  2.349165329E-02
  2.349165329E-02  2.523660083E-02  2.792407647E-02  3.013460308E-02  3.093765472E-02
  3.083140306E-02  3.266995148E-02  3.117337646E-02  2.860550373E-02  2.569021271E-02
  2.349165329E-02  2.269513945E-02  2.349165329E-02  2.569021271E-02  2.860550373E-02
  3.117337646E-02  3.266995148E-02  3.311189921E-02  3.160102554E-02  2.944095399E-02
  2.688986596E-02  2.471092218E-02  2.349165329E-02  2.349165329E-02  2.471092218E-02
  2.688986596E-02  2.944095399E-02  3.160102554E-02  3.279599394E-02  3.279599394E-02
  3.005872875E-02  2.847458010E-02  2.688986596E-02  2.569021271E-02  2.523660083E-02
  2.569021271E-02  2.688986596E-02  2.847458010E-02  3.005872875E-02  3.125765462E-02
  3.171110463E-02  3.125765462E-02  3.005872875E-02  2.944095399E-02  2.860550373E-02
  2.792407647E-02  2.792407647E-02  2.860550373E-02  2.944095399E-02  3.005872875E-02
  3.048211027E-02  3.074555353E-02  3.074555353E-02  3.048211027E-02  3.160102554E-02
  3.117337646E-02  3.013460308E-02  2.956422722E-02  3.013460308E-02  3.117337646E-02
  3.160102554E-02  3.125765462E-02  3.074555353E-02  3.053607491E-02  3.074555353E-02
  3.125765462E-02  3.266995148E-02  3.093765472E-02  2.911574496E-02  2.911574496E-02
  3.093765472E-02  3.266995148E-02  3.279599394E-02  3.171110463E-02  3.074555353E-02
  3.074555353E-02  3.171110463E-02  3.279599394E-02  3.083140306E-02  2.730877239E-02
  2.561974817E-02  2.730877239E-02  3.083140306E-02  3.311189921E-02  3.279599394E-02
  3.125765462E-02  3.048211027E-02  3.125765462E-02  3.279599394E-02  3.311189921E-02
  1.486436936E-02  1.176564086E-02  1.486436936E-02  2.257018053E-02  2.996050409E-02
  3.266995148E-02  3.167035992E-02  3.074456187E-02  3.167035992E-02  3.266995148E-02
  2.996050409E-02  2.257018053E-02  1.176564086E-02  1.176564086E-02  1.742541126E-02
  2.561974817E-02  3.093765472E-02  3.138252222E-02  2.999011943E-02  2.999011943E-02
  3.138252222E-02  3.093765472E-02  2.561974817E-02  1.742541126E-02  1.486436936E-02
  1.742541126E-02  2.359916833E-02  2.911574496E-02  3.058293453E-02  2.917938191E-02
  2.821250116E-02  2.917938191E-02  3.058293453E-02  2.911574496E-02  2.359916833E-02
  1.742541126E-02  2.257018053E-02  2.561974817E-02  2.911574496E-02  3.013460308E-02
  2.860550373E-02  2.688986596E-02  2.688986596E-02  2.860550373E-02  3.013460308E-02
  2.911574496E-02  2.561974817E-02  2.257018053E-02  2.996050409E-02  3.093765472E-02
  3.058293453E-02  2.860550373E-02  2.640682134E-02  2.549085580E-02  2.640682134E-02
  2.860550373E-02  3.058293453E-02  3.093765472E-02  2.996050409E-02  2.932334723E-02
  3.266995148E-02  3.138252222E-02  2.917938191E-02  2.688986596E-02  2.549085580E-02
  2.549085580E-02  2.688986596E-02  2.917938191E-02  3.138252222E-02  3.266995148E-02
  3.306667089E-02  3.306667089E-02  3.167035992E-02  2.999011943E-02  2.821250116E-02
  2.688986596E-02  2.640682134E-02  2.688986596E-02  2.821250116E-02  2.999011943E-02
  3.167035992E-02  3.279599394E-02  3.317941517E-02  3.279599394E-02  3.074456187E-02
  2.999011943E-02  2.917938191E-02  2.860550373E-02  2.860550373E-02  2.917938191E-02
  2.999011943E-02  3.074456187E-02  3.134673443E-02  3.171110463E-02  3.171110463E-02
  3.134673443E-02  3.167035992E-02  3.138252222E-02  3.058293453E-02  3.013460308E-02
  3.058293453E-02  3.138252222E-02  3.167035992E-02  3.134673443E-02  3.091604051E-02
  3.074555353E-02  3.091604051E-02  3.134673443E-02  3.266995148E-02  3.093765472E-02
  2.911574496E-02  2.911574496E-02  3.093765472E-02  3.266995148E-02  3.279599394E-02
  3.171110463E-02  3.074555353E-02  3.074555353E-02  3.171110463E-02  3.279599394E-02
  2.996050409E-02  2.561974817E-02  2.359916833E-02  2.561974817E-02  2.996050409E-02
  3.306667089E-02  3.317941517E-02  3.171110463E-02  3.091604051E-02  3.171110463E-02
  3.317941517E-02  3.306667089E-02  2.257018053E-02  1.742541126E-02  1.742541126E-02
  2.257018053E-02  2.932334723E-02  3.306667089E-02  3.279599394E-02  3.134673443E-02
  3.134673443E-02  3.279599394E-02  3.306667089E-02  2.932334723E-02  5.110153539E-03
  5.110153539E-03  1.176564086E-02  2.257018053E-02  3.083140306E-02  3.285144772E-02
  3.180848490E-02  3.180848490E-02  3.285144772E-02  3.083140306E-02  2.257018053E-02
  1.176564086E-02  5.110153539E-03  8.402537542E-03  1.742541126E-02  2.730877239E-02
  3.202210613E-02  3.173476306E-02  3.088695767E-02  3.173476306E-02  3.202210613E-02
  2.730877239E-02  1.742541126E-02  8.402537542E-03  1.176564086E-02  1.742541126E-02
  2.561974817E-02  3.093765472E-02  3.138252222E-02  2.999011943E-02  2.999011943E-02
  3.138252222E-02  3.093765472E-02  2.561974817E-02  1.742541126E-02  1.176564086E-02
  2.257018053E-02  2.730877239E-02  3.093765472E-02  3.117337646E-02  2.944095399E-02
  2.847458010E-02  2.944095399E-02  3.117337646E-02  3.093765472E-02  2.730877239E-02
  2.257018053E-02  2.045870068E-02  3.083140306E-02  3.202210613E-02  3.138252222E-02
  2.944095399E-02  2.789267956E-02  2.789267956E-02  2.944095399E-02  3.138252222E-02
  3.202210613E-02  3.083140306E-02  2.932334723E-02  2.932334723E-02  3.285144772E-02
  3.173476306E-02  2.999011943E-02  2.847458010E-02  2.789267956E-02  2.847458010E-02
  2.999011943E-02  3.173476306E-02  3.285144772E-02  3.311189921E-02  3.306667089E-02
  3.311189921E-02  3.180848490E-02  3.088695767E-02  2.999011943E-02  2.944095399E-02
  2.944095399E-02  2.999011943E-02  3.088695767E-02  3.180848490E-02  3.247661204E-02
  3.279599394E-02  3.279599394E-02  3.247661204E-02  3.180848490E-02  3.173476306E-02
  3.138252222E-02  3.117337646E-02  3.138252222E-02  3.173476306E-02  3.180848490E-02
  3.158746296E-02  3.134673443E-02  3.125765462E-02  3.134673443E-02  3.158746296E-02
  3.285144772E-02  3.202210613E-02  3.093765472E-02  3.093765472E-02  3.202210613E-02
  3.285144772E-02  3.247661204E-02  3.134673443E-02  3.048211027E-02  3.048211027E-02
  3.134673443E-02  3.247661204E-02  3.083140306E-02  2.730877239E-02  2.561974817E-02
  2.730877239E-02  3.083140306E-02  3.311189921E-02  3.279599394E-02  3.125765462E-02
  3.048211027E-02  3.125765462E-02  3.279599394E-02  3.311189921E-02  2.257018053E-02
  1.742541126E-02  1.742541126E-02  2.257018053E-02  2.932334723E-02  3.306667089E-02
  3.279599394E-02  3.134673443E-02  3.134673443E-02  3.279599394E-02  3.306667089E-02
  2.932334723E-02  1.176564086E-02  8.402537542E-03  1.176564086E-02  2.045870068E-02
  2.932334723E-02  3.311189921E-02  3.247661204E-02  3.158746296E-02  3.247661204E-02
  3.311189921E-02  2.932334723E-02  2.045870068E-02
