Dynamical matrix file
Phonons on a uniform q-grid                                                
  1    2   2  10.2000000   0.0000000   0.0000000   0.0000000   0.0000000   0.0000000
           1  'Si  '    25598.3672898282     
    1    1      0.0000000000      0.0000000000      0.0000000000
    2    1      0.2500000000      0.2500000000      0.2500000000

     Dynamical  Matrix in cartesian axes

     q = (    0.000000000  -1.000000000   0.000000000 ) 

    1    1
  0.36593605   0.00000000     0.00000000   0.00000000     0.00000000   0.00000000
  0.00000000   0.00000000     0.86746286   0.00000000    -0.00000000   0.00000000
  0.00000000   0.00000000     0.00000000   0.00000000     0.36593605   0.00000000
    1    2
  0.00000000  -0.00000000     0.00000000  -0.00000000    -0.04595639   0.00000000
  0.00000000  -0.00000000     0.00000000  -0.00000000     0.00000000   0.00000000
 -0.04595639   0.00000000    -0.00000000  -0.00000000     0.00000000  -0.00000000
    2    1
  0.00000000   0.00000000     0.00000000   0.00000000    -0.04595639  -0.00000000
 -0.00000000   0.00000000     0.00000000   0.00000000    -0.00000000  -0.00000000
 -0.04595639  -0.00000000     0.00000000  -0.00000000     0.00000000   0.00000000
    2    2
  0.36593605   0.00000000    -0.00000000   0.00000000     0.00000000   0.00000000
 -0.00000000   0.00000000     0.86746286   0.00000000    -0.00000000   0.00000000
  0.00000000   0.00000000    -0.00000000   0.00000000     0.36593605   0.00000000

     Dynamical  Matrix in cartesian axes

     q = (   -1.000000000   0.000000000   0.000000000 ) 

    1    1
  0.86746286   0.00000000     0.00000000   0.00000000     0.00000000   0.00000000
  0.00000000   0.00000000     0.36593605   0.00000000    -0.00000000   0.00000000
 -0.00000000   0.00000000    -0.00000000   0.00000000     0.36593605   0.00000000
    1    2
  0.00000000   0.00000000    -0.00000000   0.00000000    -0.00000000   0.00000000
 -0.00000000   0.00000000    -0.00000000  -0.00000000    -0.04595639   0.00000000
 -0.00000000   0.00000000    -0.04595639   0.00000000    -0.00000000  -0.00000000
    2    1
 -0.00000000  -0.00000000    -0.00000000  -0.00000000    -0.00000000   0.00000000
 -0.00000000   0.00000000    -0.00000000   0.00000000    -0.04595639  -0.00000000
 -0.00000000  -0.00000000    -0.04595639  -0.00000000    -0.00000000   0.00000000
    2    2
  0.86746286   0.00000000     0.00000000   0.00000000     0.00000000   0.00000000
  0.00000000   0.00000000     0.36593605   0.00000000    -0.00000000   0.00000000
 -0.00000000   0.00000000    -0.00000000   0.00000000     0.36593605   0.00000000

     Dynamical  Matrix in cartesian axes

     q = (    0.000000000   0.000000000   1.000000000 ) 

    1    1
  0.36593605   0.00000000     0.00000000   0.00000000     0.00000000   0.00000000
  0.00000000   0.00000000     0.36593605   0.00000000    -0.00000000   0.00000000
 -0.00000000   0.00000000    -0.00000000   0.00000000     0.86746286   0.00000000
    1    2
  0.00000000   0.00000000    -0.04595639  -0.00000000     0.00000000  -0.00000000
 -0.04595639  -0.00000000    -0.00000000   0.00000000    -0.00000000  -0.00000000
  0.00000000   0.00000000     0.00000000   0.00000000     0.00000000   0.00000000
    2    1
  0.00000000  -0.00000000    -0.04595639   0.00000000     0.00000000  -0.00000000
 -0.04595639   0.00000000     0.00000000   0.00000000    -0.00000000   0.00000000
  0.00000000   0.00000000    -0.00000000   0.00000000     0.00000000  -0.00000000
    2    2
  0.36593605   0.00000000     0.00000000   0.00000000     0.00000000   0.00000000
  0.00000000   0.00000000     0.36593605   0.00000000     0.00000000   0.00000000
  0.00000000   0.00000000    -0.00000000   0.00000000     0.86746286   0.00000000

     Diagonalizing the dynamical matrix

     q = (    0.000000000  -1.000000000   0.000000000 ) 

 **************************************************************************
     freq (    1) =      11.631349 [THz] =     387.980043 [cm-1]
 (  0.092044  0.000000  0.000000  0.000000 -0.701091  0.000000 ) 
 ( -0.701091  0.000000  0.000000  0.000000  0.092044  0.000000 ) 
     freq (    2) =      11.631349 [THz] =     387.980043 [cm-1]
 ( -0.701091  0.000000 -0.000000  0.000000 -0.092044  0.000000 ) 
 ( -0.092044  0.000000  0.000000  0.000000 -0.701091  0.000000 ) 
     freq (    3) =      13.196562 [THz] =     440.189936 [cm-1]
 (  0.000000  0.000000  0.000000  0.000000  0.707107  0.000000 ) 
 ( -0.707107  0.000000  0.000000  0.000000 -0.000000  0.000000 ) 
     freq (    4) =      13.196562 [THz] =     440.189936 [cm-1]
 ( -0.707107  0.000000 -0.000000  0.000000  0.000000  0.000000 ) 
 ( -0.000000  0.000000 -0.000000  0.000000  0.707107  0.000000 ) 
     freq (    5) =      19.151127 [THz] =     638.812851 [cm-1]
 (  0.000000  0.000000 -0.964258  0.000000 -0.000000  0.000000 ) 
 ( -0.000000  0.000000  0.264964  0.000000  0.000000  0.000000 ) 
     freq (    6) =      19.151127 [THz] =     638.812851 [cm-1]
 (  0.000000  0.000000 -0.264964  0.000000  0.000000  0.000000 ) 
 ( -0.000000  0.000000 -0.964258  0.000000 -0.000000  0.000000 ) 
 **************************************************************************
