Dynamical matrix file
Phonons on a uniform q-grid                                                
  1    2   2  10.2000000   0.0000000   0.0000000   0.0000000   0.0000000   0.0000000
           1  'Si  '    25598.3672898282     
    1    1      0.0000000000      0.0000000000      0.0000000000
    2    1      0.2500000000      0.2500000000      0.2500000000

     Dynamical  Matrix in cartesian axes

     q = (    0.000000000   0.000000000   0.000000000 ) 

    1    1
  0.11699988   0.00000000    -0.00000000   0.00000000    -0.00000000   0.00000000
 -0.00000000   0.00000000     0.11699988   0.00000000    -0.00000000   0.00000000
 -0.00000000   0.00000000     0.00000000   0.00000000     0.11699988   0.00000000
    1    2
 -0.11863895   0.00000000     0.00000000   0.00000000    -0.00000000   0.00000000
  0.00000000   0.00000000    -0.11863895   0.00000000    -0.00000000   0.00000000
  0.00000000   0.00000000    -0.00000000   0.00000000    -0.11863895   0.00000000
    2    1
 -0.11863895   0.00000000    -0.00000000   0.00000000     0.00000000   0.00000000
  0.00000000   0.00000000    -0.11863895   0.00000000    -0.00000000   0.00000000
  0.00000000   0.00000000    -0.00000000   0.00000000    -0.11863895   0.00000000
    2    2
  0.11699988   0.00000000    -0.00000000   0.00000000    -0.00000000   0.00000000
 -0.00000000   0.00000000     0.11699988   0.00000000     0.00000000   0.00000000
 -0.00000000   0.00000000     0.00000000   0.00000000     0.11699988   0.00000000

     Dielectric Tensor:

         17.531980980777         -0.000000000000          0.000000000000
         -0.000000000000         17.531980980777          0.000000000000
          0.000000000000          0.000000000000         17.531980980777

     Effective Charges E-U: Z_{alpha}{s,beta}

     atom #    1
          1.281022270805          0.000000000000          0.000000000000
          0.000000000000          1.281022270805         -0.000000000000
          0.000000000000         -0.000000000000          1.281022270805
     atom #    2
          1.281022270805         -0.000000000000          0.000000000000
         -0.000000000000          1.281022270805         -0.000000000000
          0.000000000000         -0.000000000000          1.281022270805

     Effective Charges U-E: Z_{s,alpha}{beta}

     atom #    1
      0.128546538564E+01     -0.111022302463E-14     -0.666133814775E-15
     -0.777156117238E-15      0.128546538564E+01      0.777156117238E-15
     -0.888178419700E-15      0.888178419700E-15      0.128546538564E+01
     atom #    2
      0.128546538564E+01     -0.133226762955E-14      0.444089209850E-15
     -0.122124532709E-14      0.128546538564E+01      0.777156117238E-15
      0.222044604925E-15      0.666133814775E-15      0.128546538564E+01

     Diagonalizing the dynamical matrix

     q = (    0.000000000   0.000000000   0.000000000 ) 

 **************************************************************************
     freq (    1) =      -0.832467 [THz] =     -27.768118 [cm-1]
 (  0.571323  0.000000  0.329727  0.000000 -0.254697  0.000000 ) 
 (  0.571323  0.000000  0.329727  0.000000 -0.254697  0.000000 ) 
     freq (    2) =      -0.832467 [THz] =     -27.768118 [cm-1]
 (  0.345878  0.000000 -0.616346  0.000000 -0.022059  0.000000 ) 
 (  0.345878  0.000000 -0.616346  0.000000 -0.022059  0.000000 ) 
     freq (    3) =      -0.832467 [THz] =     -27.768118 [cm-1]
 ( -0.232291  0.000000 -0.106761  0.000000 -0.659275  0.000000 ) 
 ( -0.232291  0.000000 -0.106761  0.000000 -0.659275  0.000000 ) 
     freq (    4) =       9.981420 [THz] =     332.944333 [cm-1]
 ( -0.000000  0.000000 -0.000000  0.000000 -0.707107  0.000000 ) 
 ( -0.000000  0.000000  0.000000  0.000000  0.707107  0.000000 ) 
     freq (    5) =       9.981420 [THz] =     332.944333 [cm-1]
 (  0.395064  0.000000  0.586451  0.000000 -0.000000  0.000000 ) 
 ( -0.395064  0.000000 -0.586451  0.000000  0.000000  0.000000 ) 
     freq (    6) =       9.981420 [THz] =     332.944333 [cm-1]
 ( -0.586451  0.000000  0.395064  0.000000 -0.000000  0.000000 ) 
 (  0.586451  0.000000 -0.395064  0.000000  0.000000  0.000000 ) 
 **************************************************************************
