Dynamical matrix file
Phonons on a uniform q-grid                                                
  1    2   2  10.2000000   0.0000000   0.0000000   0.0000000   0.0000000   0.0000000
           1  'Si  '    25598.3672898282     
    1    1      0.0000000000      0.0000000000      0.0000000000
    2    1      0.2500000000      0.2500000000      0.2500000000

     Dynamical  Matrix in cartesian axes

     q = (    0.500000000  -0.500000000   0.500000000 ) 

    1    1
  0.11986384   0.00000000     0.00731015   0.00000000    -0.00731015   0.00000000
  0.00731015   0.00000000     0.11986384   0.00000000     0.00731015   0.00000000
 -0.00731015   0.00000000     0.00731015   0.00000000     0.11986384   0.00000000
    1    2
 -0.06815262   0.00000000    -0.10273661   0.00000000     0.10273661   0.00000000
 -0.10273661   0.00000000    -0.06815262   0.00000000    -0.10273661   0.00000000
  0.10273661   0.00000000    -0.10273661   0.00000000    -0.06815262   0.00000000
    2    1
 -0.06815262   0.00000000    -0.10273661   0.00000000     0.10273661   0.00000000
 -0.10273661   0.00000000    -0.06815262   0.00000000    -0.10273661   0.00000000
  0.10273661   0.00000000    -0.10273661   0.00000000    -0.06815262   0.00000000
    2    2
  0.11986384   0.00000000     0.00731015   0.00000000    -0.00731015   0.00000000
  0.00731015   0.00000000     0.11986384   0.00000000     0.00731015   0.00000000
 -0.00731015   0.00000000     0.00731015   0.00000000     0.11986384   0.00000000

     Dynamical  Matrix in cartesian axes

     q = (    0.500000000   0.500000000  -0.500000000 ) 

    1    1
  0.11986384   0.00000000    -0.00731015   0.00000000     0.00731015   0.00000000
 -0.00731015   0.00000000     0.11986384   0.00000000     0.00731015   0.00000000
  0.00731015   0.00000000     0.00731015   0.00000000     0.11986384   0.00000000
    1    2
 -0.06815262   0.00000000     0.10273661   0.00000000    -0.10273661   0.00000000
  0.10273661   0.00000000    -0.06815262   0.00000000    -0.10273661   0.00000000
 -0.10273661   0.00000000    -0.10273661   0.00000000    -0.06815262   0.00000000
    2    1
 -0.06815262   0.00000000     0.10273661   0.00000000    -0.10273661   0.00000000
  0.10273661   0.00000000    -0.06815262   0.00000000    -0.10273661   0.00000000
 -0.10273661   0.00000000    -0.10273661   0.00000000    -0.06815262   0.00000000
    2    2
  0.11986384   0.00000000    -0.00731015   0.00000000     0.00731015   0.00000000
 -0.00731015   0.00000000     0.11986384   0.00000000     0.00731015   0.00000000
  0.00731015   0.00000000     0.00731015   0.00000000     0.11986384   0.00000000

     Dynamical  Matrix in cartesian axes

     q = (   -0.500000000  -0.500000000  -0.500000000 ) 

    1    1
  0.11986384   0.00000000    -0.00731015   0.00000000    -0.00731015   0.00000000
 -0.00731015   0.00000000     0.11986384   0.00000000    -0.00731015   0.00000000
 -0.00731015   0.00000000    -0.00731015   0.00000000     0.11986384   0.00000000
    1    2
  0.06815262  -0.00000000    -0.10273661   0.00000000    -0.10273661   0.00000000
 -0.10273661   0.00000000     0.06815262  -0.00000000    -0.10273661   0.00000000
 -0.10273661   0.00000000    -0.10273661   0.00000000     0.06815262  -0.00000000
    2    1
  0.06815262   0.00000000    -0.10273661  -0.00000000    -0.10273661  -0.00000000
 -0.10273661  -0.00000000     0.06815262   0.00000000    -0.10273661  -0.00000000
 -0.10273661  -0.00000000    -0.10273661  -0.00000000     0.06815262   0.00000000
    2    2
  0.11986384   0.00000000    -0.00731015   0.00000000    -0.00731015   0.00000000
 -0.00731015   0.00000000     0.11986384   0.00000000    -0.00731015   0.00000000
 -0.00731015   0.00000000    -0.00731015   0.00000000     0.11986384   0.00000000

     Dynamical  Matrix in cartesian axes

     q = (    0.500000000  -0.500000000  -0.500000000 ) 

    1    1
  0.11986384   0.00000000     0.00731015   0.00000000     0.00731015   0.00000000
  0.00731015   0.00000000     0.11986384   0.00000000    -0.00731015   0.00000000
  0.00731015   0.00000000    -0.00731015   0.00000000     0.11986384   0.00000000
    1    2
 -0.06815262   0.00000000    -0.10273661   0.00000000    -0.10273661   0.00000000
 -0.10273661   0.00000000    -0.06815262   0.00000000     0.10273661   0.00000000
 -0.10273661   0.00000000     0.10273661   0.00000000    -0.06815262   0.00000000
    2    1
 -0.06815262   0.00000000    -0.10273661   0.00000000    -0.10273661   0.00000000
 -0.10273661   0.00000000    -0.06815262   0.00000000     0.10273661   0.00000000
 -0.10273661   0.00000000     0.10273661   0.00000000    -0.06815262   0.00000000
    2    2
  0.11986384   0.00000000     0.00731015   0.00000000     0.00731015   0.00000000
  0.00731015   0.00000000     0.11986384   0.00000000    -0.00731015   0.00000000
  0.00731015   0.00000000    -0.00731015   0.00000000     0.11986384   0.00000000

     Diagonalizing the dynamical matrix

     q = (    0.500000000  -0.500000000   0.500000000 ) 

 **************************************************************************
     freq (    1) =      -4.299177 [THz] =    -143.405098 [cm-1]
 (  0.419328  0.000000  0.553354  0.000000  0.134027  0.000000 ) 
 (  0.419328  0.000000  0.553354  0.000000  0.134027  0.000000 ) 
     freq (    2) =      -4.299177 [THz] =    -143.405098 [cm-1]
 ( -0.396860  0.000000  0.164719  0.000000  0.561578  0.000000 ) 
 ( -0.396860  0.000000  0.164719  0.000000  0.561578  0.000000 ) 
     freq (    3) =      -3.682699 [THz] =    -122.841614 [cm-1]
 (  0.408248  0.000000 -0.408248  0.000000  0.408248  0.000000 ) 
 ( -0.408248  0.000000  0.408248  0.000000 -0.408248  0.000000 ) 
     freq (    4) =      10.127032 [THz] =     337.801436 [cm-1]
 ( -0.408248  0.000000  0.408248  0.000000 -0.408248  0.000000 ) 
 ( -0.408248  0.000000  0.408248  0.000000 -0.408248  0.000000 ) 
     freq (    5) =      11.225950 [THz] =     374.457378 [cm-1]
 ( -0.544468  0.000000 -0.438565  0.000000  0.105903  0.000000 ) 
 (  0.544468  0.000000  0.438565  0.000000 -0.105903  0.000000 ) 
     freq (    6) =      11.225950 [THz] =     374.457378 [cm-1]
 (  0.192062  0.000000 -0.375492  0.000000 -0.567554  0.000000 ) 
 ( -0.192062  0.000000  0.375492  0.000000  0.567554  0.000000 ) 
 **************************************************************************
