Dynamical matrix file
Phonons on a uniform q-grid                                                
  1    2   2  10.2000000   0.0000000   0.0000000   0.0000000   0.0000000   0.0000000
           1  'Si  '    25598.3672898282     
    1    1      0.0000000000      0.0000000000      0.0000000000
    2    1      0.2500000000      0.2500000000      0.2500000000

     Dynamical  Matrix in cartesian axes

     q = (    0.000000000   0.000000000   0.000000000 ) 

    1    1
  0.11974208   0.00000000    -0.00000000   0.00000000     0.00000000   0.00000000
  0.00000000   0.00000000     0.11974208   0.00000000     0.00000000   0.00000000
  0.00000000   0.00000000     0.00000000   0.00000000     0.11974208   0.00000000
    1    2
 -0.11864154   0.00000000    -0.00000000   0.00000000     0.00000000   0.00000000
 -0.00000000   0.00000000    -0.11864154   0.00000000     0.00000000   0.00000000
  0.00000000   0.00000000    -0.00000000   0.00000000    -0.11864154   0.00000000
    2    1
 -0.11864154   0.00000000     0.00000000   0.00000000     0.00000000   0.00000000
  0.00000000   0.00000000    -0.11864154   0.00000000     0.00000000   0.00000000
  0.00000000   0.00000000     0.00000000   0.00000000    -0.11864154   0.00000000
    2    2
  0.11974208   0.00000000     0.00000000   0.00000000     0.00000000   0.00000000
  0.00000000   0.00000000     0.11974208   0.00000000     0.00000000   0.00000000
  0.00000000   0.00000000     0.00000000   0.00000000     0.11974208   0.00000000

     Dielectric Tensor:

         17.542926789222          0.000000000000          0.000000000000
         -0.000000000000         17.542926789222          0.000000000000
          0.000000000000          0.000000000000         17.542926789222

     Effective Charges E-U: Z_{alpha}{s,beta}

     atom #    1
          1.280871905467          0.000000000000          0.000000000000
          0.000000000000          1.280871905467         -0.000000000000
          0.000000000000         -0.000000000000          1.280871905467
     atom #    2
          1.280871905467          0.000000000000          0.000000000000
          0.000000000000          1.280871905467         -0.000000000000
          0.000000000000         -0.000000000000          1.280871905467

     Effective Charges U-E: Z_{s,alpha}{beta}

     atom #    1
      0.128532144967E+01      0.111022302463E-14      0.666133814775E-15
      0.888178419700E-15      0.128532144967E+01     -0.888178419700E-15
      0.444089209850E-15     -0.133226762955E-14      0.128532144967E+01
     atom #    2
      0.128532144967E+01      0.155431223448E-14      0.155431223448E-14
      0.666133814775E-15      0.128532144967E+01     -0.222044604925E-15
      0.222044604925E-14      0.444089209850E-15      0.128532144967E+01

     Diagonalizing the dynamical matrix

     q = (    0.000000000   0.000000000   0.000000000 ) 

 **************************************************************************
     freq (    1) =       0.682138 [THz] =      22.753676 [cm-1]
 ( -0.254125  0.000000  0.573071  0.000000 -0.327124  0.000000 ) 
 ( -0.254125  0.000000  0.573071  0.000000 -0.327124  0.000000 ) 
     freq (    2) =       0.682138 [THz] =      22.753676 [cm-1]
 (  0.578789  0.000000  0.361931  0.000000  0.184417  0.000000 ) 
 (  0.578789  0.000000  0.361931  0.000000  0.184417  0.000000 ) 
     freq (    3) =       0.682138 [THz] =      22.753676 [cm-1]
 (  0.316897  0.000000 -0.201484  0.000000 -0.599150  0.000000 ) 
 (  0.316897  0.000000 -0.201484  0.000000 -0.599150  0.000000 ) 
     freq (    4) =      10.039385 [THz] =     334.877834 [cm-1]
 ( -0.610963  0.000000  0.185937  0.000000 -0.303565  0.000000 ) 
 (  0.610963  0.000000 -0.185937  0.000000  0.303565  0.000000 ) 
     freq (    5) =      10.039385 [THz] =     334.877834 [cm-1]
 ( -0.350583  0.000000 -0.418909  0.000000  0.449006  0.000000 ) 
 (  0.350583  0.000000  0.418909  0.000000 -0.449006  0.000000 ) 
     freq (    6) =      10.039385 [THz] =     334.877834 [cm-1]
 (  0.061772  0.000000 -0.538463  0.000000 -0.454138  0.000000 ) 
 ( -0.061772  0.000000  0.538463  0.000000  0.454138  0.000000 ) 
 **************************************************************************
