Dynamical matrix file
Phonons on a uniform q-grid                                                
  1    2   2  10.2000000   0.0000000   0.0000000   0.0000000   0.0000000   0.0000000
           1  'Si  '    25598.3672898282     
    1    1      0.0000000000      0.0000000000      0.0000000000
    2    1      0.2500000000      0.2500000000      0.2500000000

     Dynamical  Matrix in cartesian axes

     q = (    0.500000000   0.000000000   0.000000000 ) 

    1    1
  0.13108311   0.00000000    -0.00000000   0.00000000     0.00000000   0.00000000
 -0.00000000   0.00000000     0.11419403   0.00000000     0.00000000   0.00000000
  0.00000000   0.00000000     0.00000000   0.00000000     0.11419403   0.00000000
    1    2
 -0.04807491   0.04807491     0.00000000  -0.00000000     0.00000000   0.00000000
 -0.00000000   0.00000000    -0.06011398   0.06011398    -0.09806861  -0.09806861
  0.00000000   0.00000000    -0.09806861  -0.09806861    -0.06011398   0.06011398
    2    1
 -0.04807491  -0.04807491     0.00000000  -0.00000000    -0.00000000   0.00000000
  0.00000000   0.00000000    -0.06011398  -0.06011398    -0.09806861   0.09806861
 -0.00000000  -0.00000000    -0.09806861   0.09806861    -0.06011398  -0.06011398
    2    2
  0.13108311   0.00000000     0.00000000   0.00000000    -0.00000000   0.00000000
 -0.00000000   0.00000000     0.11419403   0.00000000     0.00000000   0.00000000
  0.00000000   0.00000000     0.00000000   0.00000000     0.11419403   0.00000000

     Dynamical  Matrix in cartesian axes

     q = (    0.000000000   0.000000000   0.500000000 ) 

    1    1
  0.11419403   0.00000000    -0.00000000   0.00000000     0.00000000   0.00000000
 -0.00000000   0.00000000     0.11419403   0.00000000     0.00000000   0.00000000
 -0.00000000   0.00000000     0.00000000   0.00000000     0.13108311   0.00000000
    1    2
 -0.06011398   0.06011398    -0.09806861  -0.09806861     0.00000000   0.00000000
 -0.09806861  -0.09806861    -0.06011398   0.06011398     0.00000000   0.00000000
  0.00000000   0.00000000     0.00000000   0.00000000    -0.04807491   0.04807491
    2    1
 -0.06011398  -0.06011398    -0.09806861   0.09806861     0.00000000   0.00000000
 -0.09806861   0.09806861    -0.06011398  -0.06011398     0.00000000   0.00000000
  0.00000000   0.00000000     0.00000000   0.00000000    -0.04807491  -0.04807491
    2    2
  0.11419403   0.00000000    -0.00000000   0.00000000     0.00000000   0.00000000
 -0.00000000   0.00000000     0.11419403   0.00000000     0.00000000   0.00000000
 -0.00000000   0.00000000     0.00000000   0.00000000     0.13108311   0.00000000

     Dynamical  Matrix in cartesian axes

     q = (    0.000000000   0.000000000  -0.500000000 ) 

    1    1
  0.11419403   0.00000000     0.00000000   0.00000000     0.00000000   0.00000000
 -0.00000000   0.00000000     0.11419403   0.00000000     0.00000000   0.00000000
 -0.00000000   0.00000000     0.00000000   0.00000000     0.13108311   0.00000000
    1    2
 -0.06011398  -0.06011398    -0.09806861   0.09806861     0.00000000   0.00000000
 -0.09806861   0.09806861    -0.06011398  -0.06011398     0.00000000   0.00000000
  0.00000000   0.00000000     0.00000000   0.00000000    -0.04807491  -0.04807491
    2    1
 -0.06011398   0.06011398    -0.09806861  -0.09806861    -0.00000000   0.00000000
 -0.09806861  -0.09806861    -0.06011398   0.06011398     0.00000000   0.00000000
 -0.00000000   0.00000000    -0.00000000   0.00000000    -0.04807491   0.04807491
    2    2
  0.11419403   0.00000000    -0.00000000   0.00000000    -0.00000000   0.00000000
 -0.00000000   0.00000000     0.11419403   0.00000000    -0.00000000   0.00000000
  0.00000000   0.00000000     0.00000000   0.00000000     0.13108311   0.00000000

     Dynamical  Matrix in cartesian axes

     q = (   -0.500000000   0.000000000   0.000000000 ) 

    1    1
  0.13108311   0.00000000    -0.00000000   0.00000000     0.00000000   0.00000000
  0.00000000   0.00000000     0.11419403   0.00000000     0.00000000   0.00000000
  0.00000000   0.00000000     0.00000000   0.00000000     0.11419403   0.00000000
    1    2
 -0.04807491  -0.04807491    -0.00000000   0.00000000    -0.00000000   0.00000000
 -0.00000000  -0.00000000    -0.06011398  -0.06011398    -0.09806861   0.09806861
  0.00000000   0.00000000    -0.09806861   0.09806861    -0.06011398  -0.06011398
    2    1
 -0.04807491   0.04807491    -0.00000000   0.00000000     0.00000000   0.00000000
 -0.00000000   0.00000000    -0.06011398   0.06011398    -0.09806861  -0.09806861
  0.00000000   0.00000000    -0.09806861  -0.09806861    -0.06011398   0.06011398
    2    2
  0.13108311   0.00000000     0.00000000   0.00000000    -0.00000000   0.00000000
 -0.00000000   0.00000000     0.11419403   0.00000000     0.00000000   0.00000000
  0.00000000   0.00000000     0.00000000   0.00000000     0.11419403   0.00000000

     Dynamical  Matrix in cartesian axes

     q = (    0.000000000   0.500000000   0.000000000 ) 

    1    1
  0.11419403   0.00000000     0.00000000   0.00000000    -0.00000000   0.00000000
  0.00000000   0.00000000     0.13108311   0.00000000     0.00000000   0.00000000
 -0.00000000   0.00000000     0.00000000   0.00000000     0.11419403   0.00000000
    1    2
 -0.06011398   0.06011398    -0.00000000  -0.00000000    -0.09806861  -0.09806861
  0.00000000  -0.00000000    -0.04807491   0.04807491     0.00000000   0.00000000
 -0.09806861  -0.09806861     0.00000000  -0.00000000    -0.06011398   0.06011398
    2    1
 -0.06011398  -0.06011398     0.00000000  -0.00000000    -0.09806861   0.09806861
 -0.00000000   0.00000000    -0.04807491  -0.04807491    -0.00000000  -0.00000000
 -0.09806861   0.09806861     0.00000000  -0.00000000    -0.06011398  -0.06011398
    2    2
  0.11419403   0.00000000    -0.00000000   0.00000000     0.00000000   0.00000000
  0.00000000   0.00000000     0.13108311   0.00000000     0.00000000   0.00000000
  0.00000000   0.00000000    -0.00000000   0.00000000     0.11419403   0.00000000

     Dynamical  Matrix in cartesian axes

     q = (    0.000000000  -0.500000000   0.000000000 ) 

    1    1
  0.11419403   0.00000000    -0.00000000   0.00000000     0.00000000   0.00000000
  0.00000000   0.00000000     0.13108311   0.00000000     0.00000000   0.00000000
 -0.00000000   0.00000000     0.00000000   0.00000000     0.11419403   0.00000000
    1    2
 -0.06011398  -0.06011398     0.00000000   0.00000000    -0.09806861   0.09806861
  0.00000000   0.00000000    -0.04807491  -0.04807491    -0.00000000   0.00000000
 -0.09806861   0.09806861    -0.00000000   0.00000000    -0.06011398  -0.06011398
    2    1
 -0.06011398   0.06011398    -0.00000000  -0.00000000    -0.09806861  -0.09806861
 -0.00000000  -0.00000000    -0.04807491   0.04807491    -0.00000000  -0.00000000
 -0.09806861  -0.09806861    -0.00000000  -0.00000000    -0.06011398   0.06011398
    2    2
  0.11419403   0.00000000     0.00000000   0.00000000     0.00000000   0.00000000
  0.00000000   0.00000000     0.13108311   0.00000000     0.00000000   0.00000000
 -0.00000000   0.00000000    -0.00000000   0.00000000     0.11419403   0.00000000

     Diagonalizing the dynamical matrix

     q = (    0.500000000   0.000000000   0.000000000 ) 

 **************************************************************************
     freq (    1) =      -4.527335 [THz] =    -151.015632 [cm-1]
 ( -0.000000  0.000000 -0.362241  0.093164 -0.576559 -0.166378 ) 
 ( -0.000000  0.000000 -0.616178  0.147847 -0.313794  0.000000 ) 
     freq (    2) =      -4.527335 [THz] =    -151.015632 [cm-1]
 ( -0.000000 -0.000000  0.296309  0.521827  0.006075 -0.373980 ) 
 ( -0.000000  0.000000 -0.305133  0.073214  0.633667  0.000000 ) 
     freq (    3) =       5.164950 [THz] =     172.284173 [cm-1]
 (  0.140926 -0.692921 -0.000000 -0.000000 -0.000000 -0.000000 ) 
 (  0.589619 -0.390320  0.000000  0.000000 -0.000000  0.000000 ) 
     freq (    4) =       9.174306 [THz] =     306.021909 [cm-1]
 (  0.015264 -0.706942  0.000000 -0.000000 -0.000000 -0.000000 ) 
 ( -0.510677  0.489090  0.000000 -0.000000 -0.000000  0.000000 ) 
     freq (    5) =      10.819421 [THz] =     360.897022 [cm-1]
 ( -0.000000  0.000000  0.330049  0.440443  0.210669 -0.390763 ) 
 ( -0.000000  0.000000  0.149367  0.077851 -0.686752  0.000000 ) 
     freq (    6) =      10.819421 [THz] =     360.897022 [cm-1]
 ( -0.000000 -0.000000 -0.443890  0.006208 -0.238029 -0.496251 ) 
 ( -0.000000  0.000000  0.608997  0.317413  0.168437  0.000000 ) 
 **************************************************************************
