Dynamical matrix file
Phonons on a uniform q-grid                                                
  1    2   2  10.2000000   0.0000000   0.0000000   0.0000000   0.0000000   0.0000000
           1  'Si  '    25598.3672898282     
    1    1      0.0000000000      0.0000000000      0.0000000000
    2    1      0.2500000000      0.2500000000      0.2500000000

     Dynamical  Matrix in cartesian axes

     q = (    1.000000000   0.500000000   0.000000000 ) 

    1    1
  0.29833483   0.00000000     0.00000000   0.00000000     0.00000000   0.01790768
  0.00000000   0.00000000     0.25920271   0.00000000     0.00000000   0.00000000
  0.00000000  -0.01790768     0.00000000  -0.00000000     0.29833483   0.00000000
    1    2
 -0.00000000   0.00000000    -0.09657446  -0.09657446    -0.00000000   0.00000000
 -0.09657446  -0.09657446    -0.00000000   0.00000000    -0.09657446   0.09657446
 -0.00000000  -0.00000000    -0.09657446   0.09657446    -0.00000000   0.00000000
    2    1
 -0.00000000  -0.00000000    -0.09657446   0.09657446    -0.00000000   0.00000000
 -0.09657446   0.09657446    -0.00000000   0.00000000    -0.09657446  -0.09657446
 -0.00000000   0.00000000    -0.09657446  -0.09657446    -0.00000000   0.00000000
    2    2
  0.29833483  -0.00000000     0.00000000  -0.00000000     0.00000000  -0.01790768
  0.00000000  -0.00000000     0.25920271  -0.00000000     0.00000000   0.00000000
  0.00000000   0.01790768     0.00000000   0.00000000     0.29833483   0.00000000

     Dynamical  Matrix in cartesian axes

     q = (   -1.000000000  -0.500000000   0.000000000 ) 

    1    1
  0.29833483   0.00000000     0.00000000   0.00000000     0.00000000  -0.01790768
  0.00000000  -0.00000000     0.25920271  -0.00000000     0.00000000   0.00000000
  0.00000000   0.01790768     0.00000000   0.00000000     0.29833483  -0.00000000
    1    2
  0.00000000   0.00000000    -0.09657446   0.09657446     0.00000000   0.00000000
 -0.09657446   0.09657446     0.00000000   0.00000000    -0.09657446  -0.09657446
  0.00000000   0.00000000    -0.09657446  -0.09657446     0.00000000   0.00000000
    2    1
  0.00000000  -0.00000000    -0.09657446  -0.09657446     0.00000000   0.00000000
 -0.09657446  -0.09657446     0.00000000  -0.00000000    -0.09657446   0.09657446
  0.00000000  -0.00000000    -0.09657446   0.09657446     0.00000000   0.00000000
    2    2
  0.29833483  -0.00000000     0.00000000  -0.00000000     0.00000000   0.01790768
  0.00000000   0.00000000     0.25920271   0.00000000     0.00000000  -0.00000000
  0.00000000  -0.01790768     0.00000000  -0.00000000     0.29833483   0.00000000

     Dynamical  Matrix in cartesian axes

     q = (   -1.000000000   0.000000000   0.500000000 ) 

    1    1
  0.29833483   0.00000000    -0.00000000   0.01790768     0.00000000   0.00000000
 -0.00000000  -0.01790768     0.29833483   0.00000000     0.00000000  -0.00000000
 -0.00000000   0.00000000    -0.00000000  -0.00000000     0.25920271   0.00000000
    1    2
  0.00000000   0.00000000     0.00000000   0.00000000    -0.09657446  -0.09657446
  0.00000000   0.00000000     0.00000000  -0.00000000    -0.09657446   0.09657446
 -0.09657446  -0.09657446    -0.09657446   0.09657446     0.00000000  -0.00000000
    2    1
  0.00000000  -0.00000000     0.00000000  -0.00000000    -0.09657446   0.09657446
  0.00000000  -0.00000000     0.00000000   0.00000000    -0.09657446  -0.09657446
 -0.09657446   0.09657446    -0.09657446  -0.09657446     0.00000000   0.00000000
    2    2
  0.29833483  -0.00000000    -0.00000000  -0.01790768     0.00000000  -0.00000000
 -0.00000000   0.01790768     0.29833483  -0.00000000     0.00000000   0.00000000
 -0.00000000  -0.00000000    -0.00000000   0.00000000     0.25920271  -0.00000000

     Dynamical  Matrix in cartesian axes

     q = (   -1.000000000   0.000000000  -0.500000000 ) 

    1    1
  0.29833483   0.00000000    -0.00000000  -0.01790768     0.00000000   0.00000000
 -0.00000000   0.01790768     0.29833483  -0.00000000     0.00000000   0.00000000
 -0.00000000  -0.00000000    -0.00000000   0.00000000     0.25920271  -0.00000000
    1    2
 -0.00000000   0.00000000    -0.00000000  -0.00000000    -0.09657446   0.09657446
 -0.00000000   0.00000000    -0.00000000  -0.00000000    -0.09657446  -0.09657446
 -0.09657446   0.09657446    -0.09657446  -0.09657446    -0.00000000  -0.00000000
    2    1
 -0.00000000  -0.00000000    -0.00000000   0.00000000    -0.09657446  -0.09657446
 -0.00000000  -0.00000000    -0.00000000   0.00000000    -0.09657446   0.09657446
 -0.09657446  -0.09657446    -0.09657446   0.09657446    -0.00000000   0.00000000
    2    2
  0.29833483  -0.00000000    -0.00000000   0.01790768     0.00000000  -0.00000000
 -0.00000000  -0.01790768     0.29833483   0.00000000     0.00000000  -0.00000000
 -0.00000000   0.00000000    -0.00000000  -0.00000000     0.25920271   0.00000000

     Dynamical  Matrix in cartesian axes

     q = (    0.500000000   1.000000000   0.000000000 ) 

    1    1
  0.25920271   0.00000000     0.00000000   0.00000000    -0.00000000   0.00000000
 -0.00000000  -0.00000000     0.29833483  -0.00000000    -0.00000000   0.01790768
  0.00000000   0.00000000     0.00000000  -0.01790768     0.29833483   0.00000000
    1    2
 -0.00000000  -0.00000000    -0.09657446  -0.09657446    -0.09657446   0.09657446
 -0.09657446  -0.09657446     0.00000000  -0.00000000     0.00000000   0.00000000
 -0.09657446   0.09657446    -0.00000000   0.00000000    -0.00000000  -0.00000000
    2    1
 -0.00000000   0.00000000    -0.09657446   0.09657446    -0.09657446  -0.09657446
 -0.09657446   0.09657446     0.00000000   0.00000000     0.00000000  -0.00000000
 -0.09657446  -0.09657446    -0.00000000  -0.00000000    -0.00000000   0.00000000
    2    2
  0.25920271  -0.00000000     0.00000000  -0.00000000    -0.00000000  -0.00000000
 -0.00000000   0.00000000     0.29833483   0.00000000    -0.00000000  -0.01790768
  0.00000000  -0.00000000     0.00000000   0.01790768     0.29833483  -0.00000000

     Dynamical  Matrix in cartesian axes

     q = (    0.500000000   0.000000000  -1.000000000 ) 

    1    1
  0.25920271   0.00000000     0.00000000  -0.00000000    -0.00000000   0.00000000
 -0.00000000   0.00000000     0.29833483  -0.00000000    -0.00000000  -0.01790768
  0.00000000  -0.00000000     0.00000000   0.01790768     0.29833483  -0.00000000
    1    2
  0.00000000   0.00000000    -0.09657446   0.09657446    -0.09657446  -0.09657446
 -0.09657446   0.09657446     0.00000000   0.00000000    -0.00000000   0.00000000
 -0.09657446  -0.09657446     0.00000000   0.00000000     0.00000000   0.00000000
    2    1
  0.00000000   0.00000000    -0.09657446  -0.09657446    -0.09657446   0.09657446
 -0.09657446  -0.09657446     0.00000000   0.00000000    -0.00000000   0.00000000
 -0.09657446   0.09657446     0.00000000   0.00000000     0.00000000   0.00000000
    2    2
  0.25920271   0.00000000     0.00000000   0.00000000    -0.00000000   0.00000000
 -0.00000000   0.00000000     0.29833483   0.00000000    -0.00000000   0.01790768
  0.00000000   0.00000000     0.00000000  -0.01790768     0.29833483   0.00000000

     Diagonalizing the dynamical matrix

     q = (    1.000000000   0.500000000   0.000000000 ) 

 **************************************************************************
     freq (    1) =       6.253045 [THz] =     208.579119 [cm-1]
 (  0.021726  0.067261 -0.528974  0.528974  0.067261 -0.021726 ) 
 (  0.000000  0.456602  0.103092  0.052752 -0.456602  0.000000 ) 
     freq (    2) =       6.253045 [THz] =     208.579119 [cm-1]
 ( -0.140349 -0.434497 -0.081886  0.081886 -0.434497  0.140349 ) 
 ( -0.000000  0.070683 -0.665959 -0.340771 -0.070683  0.000000 ) 
     freq (    3) =      10.888773 [THz] =     363.210356 [cm-1]
 (  0.100906 -0.040362  0.000000 -0.000000  0.040362  0.100906 ) 
 (  0.000000 -0.698705  0.000000  0.000000 -0.698705  0.000000 ) 
     freq (    4) =      10.888773 [THz] =     363.210356 [cm-1]
 ( -0.648731  0.259493  0.000000  0.000000 -0.259493 -0.648731 ) 
 ( -0.000000 -0.108679  0.000000 -0.000000 -0.108679  0.000000 ) 
     freq (    5) =      14.289831 [THz] =     476.657438 [cm-1]
 (  0.000000  0.000000 -0.462041  0.462041  0.000000 -0.000000 ) 
 ( -0.000000 -0.535274 -0.000000 -0.000000  0.535274  0.000000 ) 
     freq (    6) =      14.289831 [THz] =     476.657438 [cm-1]
 (  0.324088  0.426011 -0.000000  0.000000  0.426011 -0.324088 ) 
 ( -0.000000  0.000000 -0.647474 -0.087978 -0.000000  0.000000 ) 
 **************************************************************************
