Dynamical matrix file
Phonons on a uniform q-grid                                                
  1    2   2  10.2000000   0.0000000   0.0000000   0.0000000   0.0000000   0.0000000
           1  'Si  '    25598.3672898282     
    1    1      0.0000000000      0.0000000000      0.0000000000
    2    1      0.2500000000      0.2500000000      0.2500000000

     Dynamical  Matrix in cartesian axes

     q = (    0.500000000   0.000000000   0.000000000 ) 

    1    1
  0.34071544   0.00000000    -0.00000000   0.00000000     0.00000000   0.00000000
  0.00000000   0.00000000     0.27237507   0.00000000     0.00000000   0.00000000
 -0.00000000   0.00000000    -0.00000000   0.00000000     0.27237507   0.00000000
    1    2
 -0.14993360   0.14993360     0.00000000   0.00000000     0.00000000   0.00000000
  0.00000000   0.00000000    -0.13859769   0.13859769    -0.09690219  -0.09690219
  0.00000000   0.00000000    -0.09690219  -0.09690219    -0.13859769   0.13859769
    2    1
 -0.14993360  -0.14993360     0.00000000   0.00000000     0.00000000   0.00000000
  0.00000000   0.00000000    -0.13859769  -0.13859769    -0.09690219   0.09690219
  0.00000000   0.00000000    -0.09690219   0.09690219    -0.13859769  -0.13859769
    2    2
  0.34071544   0.00000000    -0.00000000   0.00000000     0.00000000   0.00000000
  0.00000000   0.00000000     0.27237507   0.00000000     0.00000000   0.00000000
 -0.00000000   0.00000000    -0.00000000   0.00000000     0.27237507   0.00000000

     Dynamical  Matrix in cartesian axes

     q = (    0.000000000   0.000000000  -0.500000000 ) 

    1    1
  0.27237507   0.00000000    -0.00000000   0.00000000     0.00000000   0.00000000
 -0.00000000   0.00000000     0.27237507   0.00000000    -0.00000000   0.00000000
  0.00000000   0.00000000    -0.00000000   0.00000000     0.34071544   0.00000000
    1    2
 -0.13859769  -0.13859769    -0.09690219   0.09690219    -0.00000000   0.00000000
 -0.09690219   0.09690219    -0.13859769  -0.13859769     0.00000000  -0.00000000
  0.00000000  -0.00000000     0.00000000   0.00000000    -0.14993360  -0.14993360
    2    1
 -0.13859769   0.13859769    -0.09690219  -0.09690219    -0.00000000  -0.00000000
 -0.09690219  -0.09690219    -0.13859769   0.13859769     0.00000000   0.00000000
  0.00000000   0.00000000     0.00000000   0.00000000    -0.14993360   0.14993360
    2    2
  0.27237507   0.00000000    -0.00000000   0.00000000     0.00000000   0.00000000
 -0.00000000   0.00000000     0.27237507   0.00000000    -0.00000000   0.00000000
  0.00000000   0.00000000    -0.00000000   0.00000000     0.34071544   0.00000000

     Dynamical  Matrix in cartesian axes

     q = (   -0.500000000   0.000000000   0.000000000 ) 

    1    1
  0.34071544   0.00000000     0.00000000   0.00000000    -0.00000000   0.00000000
 -0.00000000   0.00000000     0.27237507   0.00000000     0.00000000   0.00000000
  0.00000000   0.00000000     0.00000000   0.00000000     0.27237507   0.00000000
    1    2
 -0.14993360  -0.14993360     0.00000000   0.00000000     0.00000000   0.00000000
 -0.00000000   0.00000000    -0.13859769  -0.13859769    -0.09690219   0.09690219
  0.00000000   0.00000000    -0.09690219   0.09690219    -0.13859769  -0.13859769
    2    1
 -0.14993360   0.14993360     0.00000000   0.00000000     0.00000000   0.00000000
 -0.00000000   0.00000000    -0.13859769   0.13859769    -0.09690219  -0.09690219
  0.00000000   0.00000000    -0.09690219  -0.09690219    -0.13859769   0.13859769
    2    2
  0.34071544   0.00000000     0.00000000   0.00000000    -0.00000000   0.00000000
 -0.00000000   0.00000000     0.27237507   0.00000000     0.00000000   0.00000000
  0.00000000   0.00000000     0.00000000   0.00000000     0.27237507   0.00000000

     Dynamical  Matrix in cartesian axes

     q = (    0.000000000  -0.500000000   0.000000000 ) 

    1    1
  0.27237507   0.00000000     0.00000000   0.00000000     0.00000000   0.00000000
 -0.00000000   0.00000000     0.34071544   0.00000000     0.00000000   0.00000000
 -0.00000000   0.00000000     0.00000000   0.00000000     0.27237507   0.00000000
    1    2
 -0.13859769  -0.13859769    -0.00000000   0.00000000    -0.09690219   0.09690219
 -0.00000000   0.00000000    -0.14993360  -0.14993360    -0.00000000   0.00000000
 -0.09690219   0.09690219    -0.00000000   0.00000000    -0.13859769  -0.13859769
    2    1
 -0.13859769   0.13859769    -0.00000000  -0.00000000    -0.09690219  -0.09690219
 -0.00000000   0.00000000    -0.14993360   0.14993360    -0.00000000   0.00000000
 -0.09690219  -0.09690219    -0.00000000   0.00000000    -0.13859769   0.13859769
    2    2
  0.27237507   0.00000000     0.00000000   0.00000000     0.00000000   0.00000000
 -0.00000000   0.00000000     0.34071544   0.00000000     0.00000000   0.00000000
 -0.00000000   0.00000000     0.00000000   0.00000000     0.27237507   0.00000000

     Dynamical  Matrix in cartesian axes

     q = (    0.000000000   0.500000000   0.000000000 ) 

    1    1
  0.27237507   0.00000000     0.00000000   0.00000000     0.00000000   0.00000000
  0.00000000   0.00000000     0.34071544   0.00000000     0.00000000   0.00000000
  0.00000000   0.00000000    -0.00000000   0.00000000     0.27237507   0.00000000
    1    2
 -0.13859769   0.13859769    -0.00000000  -0.00000000    -0.09690219  -0.09690219
 -0.00000000   0.00000000    -0.14993360   0.14993360     0.00000000   0.00000000
 -0.09690219  -0.09690219    -0.00000000   0.00000000    -0.13859769   0.13859769
    2    1
 -0.13859769  -0.13859769    -0.00000000   0.00000000    -0.09690219   0.09690219
 -0.00000000   0.00000000    -0.14993360  -0.14993360     0.00000000   0.00000000
 -0.09690219   0.09690219    -0.00000000   0.00000000    -0.13859769  -0.13859769
    2    2
  0.27237507   0.00000000     0.00000000   0.00000000     0.00000000   0.00000000
  0.00000000   0.00000000     0.34071544   0.00000000     0.00000000   0.00000000
  0.00000000   0.00000000    -0.00000000   0.00000000     0.27237507   0.00000000

     Dynamical  Matrix in cartesian axes

     q = (    0.000000000   0.000000000   0.500000000 ) 

    1    1
  0.27237507   0.00000000    -0.00000000   0.00000000     0.00000000   0.00000000
 -0.00000000   0.00000000     0.27237507   0.00000000    -0.00000000   0.00000000
  0.00000000   0.00000000    -0.00000000   0.00000000     0.34071544   0.00000000
    1    2
 -0.13859769   0.13859769    -0.09690219  -0.09690219     0.00000000  -0.00000000
 -0.09690219  -0.09690219    -0.13859769   0.13859769     0.00000000   0.00000000
 -0.00000000   0.00000000     0.00000000   0.00000000    -0.14993360   0.14993360
    2    1
 -0.13859769  -0.13859769    -0.09690219   0.09690219     0.00000000   0.00000000
 -0.09690219   0.09690219    -0.13859769  -0.13859769     0.00000000  -0.00000000
 -0.00000000  -0.00000000     0.00000000   0.00000000    -0.14993360  -0.14993360
    2    2
  0.27237507   0.00000000    -0.00000000   0.00000000     0.00000000   0.00000000
 -0.00000000   0.00000000     0.27237507   0.00000000    -0.00000000   0.00000000
  0.00000000   0.00000000    -0.00000000   0.00000000     0.34071544   0.00000000

     Diagonalizing the dynamical matrix

     q = (    0.500000000   0.000000000   0.000000000 ) 

 **************************************************************************
     freq (    1) =       3.747314 [THz] =     124.996930 [cm-1]
 (  0.000000 -0.000000  0.490932 -0.305312  0.351873  0.204830 ) 
 (  0.000000 -0.000000  0.686995  0.047991  0.160421  0.000000 ) 
     freq (    2) =       3.747314 [THz] =     124.996930 [cm-1]
 (  0.000000 -0.000000 -0.179811 -0.365292 -0.338781  0.468462 ) 
 (  0.000000 -0.000000  0.160031  0.011179 -0.688669  0.000000 ) 
     freq (    3) =       7.375983 [THz] =     246.036309 [cm-1]
 (  0.089168 -0.701462  0.000000  0.000000 -0.000000 -0.000000 ) 
 (  0.559060 -0.432957 -0.000000  0.000000  0.000000  0.000000 ) 
     freq (    4) =      14.706444 [THz] =     490.554175 [cm-1]
 (  0.000000 -0.000000 -0.178150 -0.191295 -0.459962  0.469152 ) 
 ( -0.000000 -0.000000 -0.011342 -0.162354  0.688122  0.000000 ) 
     freq (    5) =      14.706444 [THz] =     490.554175 [cm-1]
 ( -0.000000  0.000000 -0.491538 -0.435959  0.164386 -0.203244 ) 
 (  0.000000  0.000000  0.047953  0.686450  0.162750  0.000000 ) 
     freq (    6) =      15.287437 [THz] =     509.934009 [cm-1]
 ( -0.547407  0.447599  0.000000  0.000000 -0.000000  0.000000 ) 
 (  0.703576  0.070575 -0.000000 -0.000000 -0.000000  0.000000 ) 
 **************************************************************************
