Dynamical matrix file
Phonons on a uniform q-grid                                                
  1    2   2  10.2000000   0.0000000   0.0000000   0.0000000   0.0000000   0.0000000
           1  'Si  '    25598.3672898282     
    1    1      0.0000000000      0.0000000000      0.0000000000
    2    1      0.2500000000      0.2500000000      0.2500000000

     Dynamical  Matrix in cartesian axes

     q = (    1.000000000   1.000000000   0.000000000 ) 

    1    1
  0.25463177   0.00000000     0.00000000   0.00000000     0.00000000   0.00000000
 -0.00000000   0.00000000     0.25463177   0.00000000     0.00000000   0.00000000
  0.00000000   0.00000000     0.00000000   0.00000000     0.36605083   0.00000000
    1    2
  0.00000000  -0.00000000    -0.21879714  -0.00000000     0.00000000  -0.00000000
 -0.21879714  -0.00000000    -0.00000000   0.00000000    -0.00000000  -0.00000000
  0.00000000  -0.00000000     0.00000000   0.00000000     0.00000000   0.00000000
    2    1
 -0.00000000  -0.00000000    -0.21879714   0.00000000    -0.00000000  -0.00000000
 -0.21879714   0.00000000    -0.00000000  -0.00000000    -0.00000000   0.00000000
  0.00000000  -0.00000000     0.00000000   0.00000000     0.00000000  -0.00000000
    2    2
  0.25463177   0.00000000     0.00000000   0.00000000     0.00000000   0.00000000
  0.00000000   0.00000000     0.25463177   0.00000000    -0.00000000   0.00000000
  0.00000000   0.00000000    -0.00000000   0.00000000     0.36605083   0.00000000

     Dynamical  Matrix in cartesian axes

     q = (    0.000000000  -1.000000000  -1.000000000 ) 

    1    1
  0.36605083   0.00000000    -0.00000000   0.00000000     0.00000000   0.00000000
 -0.00000000   0.00000000     0.25463177   0.00000000     0.00000000   0.00000000
  0.00000000   0.00000000     0.00000000   0.00000000     0.25463177   0.00000000
    1    2
 -0.00000000  -0.00000000    -0.00000000   0.00000000    -0.00000000   0.00000000
 -0.00000000   0.00000000     0.00000000   0.00000000    -0.21879714   0.00000000
 -0.00000000   0.00000000    -0.21879714   0.00000000    -0.00000000  -0.00000000
    2    1
  0.00000000  -0.00000000     0.00000000  -0.00000000     0.00000000  -0.00000000
 -0.00000000  -0.00000000    -0.00000000  -0.00000000    -0.21879714  -0.00000000
  0.00000000  -0.00000000    -0.21879714  -0.00000000     0.00000000  -0.00000000
    2    2
  0.36605083   0.00000000     0.00000000   0.00000000     0.00000000   0.00000000
  0.00000000   0.00000000     0.25463177   0.00000000     0.00000000   0.00000000
  0.00000000   0.00000000     0.00000000   0.00000000     0.25463177   0.00000000

     Dynamical  Matrix in cartesian axes

     q = (   -1.000000000   0.000000000  -1.000000000 ) 

    1    1
  0.25463177   0.00000000     0.00000000   0.00000000    -0.00000000   0.00000000
  0.00000000   0.00000000     0.36605083   0.00000000     0.00000000   0.00000000
 -0.00000000   0.00000000     0.00000000   0.00000000     0.25463177   0.00000000
    1    2
  0.00000000   0.00000000     0.00000000   0.00000000    -0.21879714   0.00000000
  0.00000000  -0.00000000     0.00000000  -0.00000000    -0.00000000   0.00000000
 -0.21879714   0.00000000    -0.00000000   0.00000000    -0.00000000  -0.00000000
    2    1
  0.00000000  -0.00000000     0.00000000  -0.00000000    -0.21879714  -0.00000000
  0.00000000  -0.00000000     0.00000000   0.00000000     0.00000000   0.00000000
 -0.21879714  -0.00000000     0.00000000  -0.00000000    -0.00000000  -0.00000000
    2    2
  0.25463177   0.00000000     0.00000000   0.00000000     0.00000000   0.00000000
  0.00000000   0.00000000     0.36605083   0.00000000     0.00000000   0.00000000
  0.00000000   0.00000000     0.00000000   0.00000000     0.25463177   0.00000000

     Diagonalizing the dynamical matrix

     q = (    1.000000000   1.000000000   0.000000000 ) 

 **************************************************************************
     freq (    1) =       3.892426 [THz] =     129.837371 [cm-1]
 ( -0.666658  0.000000 -0.235727  0.000000 -0.000000  0.000000 ) 
 ( -0.235727  0.000000 -0.666658  0.000000 -0.000000  0.000000 ) 
     freq (    2) =       3.892426 [THz] =     129.837371 [cm-1]
 ( -0.235727  0.000000  0.666658  0.000000 -0.000000  0.000000 ) 
 (  0.666658  0.000000 -0.235727  0.000000  0.000000  0.000000 ) 
     freq (    3) =      12.440551 [THz] =     414.972102 [cm-1]
 (  0.000000  0.000000  0.000000  0.000000 -0.000000  0.000000 ) 
 ( -0.000000  0.000000 -0.000000  0.000000 -1.000000  0.000000 ) 
     freq (    4) =      12.440551 [THz] =     414.972102 [cm-1]
 ( -0.000000  0.000000  0.000000  0.000000  1.000000  0.000000 ) 
 ( -0.000000  0.000000  0.000000  0.000000 -0.000000  0.000000 ) 
     freq (    5) =      14.148040 [THz] =     471.927827 [cm-1]
 ( -0.417468  0.000000 -0.570719  0.000000  0.000000  0.000000 ) 
 (  0.570719  0.000000  0.417468  0.000000 -0.000000  0.000000 ) 
     freq (    6) =      14.148040 [THz] =     471.927827 [cm-1]
 (  0.570719  0.000000 -0.417468  0.000000  0.000000  0.000000 ) 
 (  0.417468  0.000000 -0.570719  0.000000  0.000000  0.000000 ) 
 **************************************************************************
