Dynamical matrix file
Phonons on a uniform q-grid                                                
  1    2   2  10.2000000   0.0000000   0.0000000   0.0000000   0.0000000   0.0000000
           1  'Si  '    25598.3672898282     
    1    1      0.0000000000      0.0000000000      0.0000000000
    2    1      0.2500000000      0.2500000000      0.2500000000

     Dynamical  Matrix in cartesian axes

     q = (    1.000000000   0.200000000   0.000000000 ) 

    1    1
  0.35023502  -0.00000000     0.00000000  -0.00000000     0.00000000   0.01924827
  0.00000000   0.00000000     0.26354358   0.00000000     0.00000000  -0.00000000
  0.00000000  -0.01924827     0.00000000   0.00000000     0.26795736   0.00000000
    1    2
 -0.00000000   0.00000000    -0.01602612  -0.04932333    -0.00000000   0.00000000
 -0.01602612  -0.04932333    -0.00000000  -0.00000000    -0.18782996   0.06102965
 -0.00000000   0.00000000    -0.18782996   0.06102965    -0.00000000   0.00000000
    2    1
  0.00000000   0.00000000    -0.01602612   0.04932333     0.00000000   0.00000000
 -0.01602612   0.04932333    -0.00000000  -0.00000000    -0.18782996  -0.06102965
 -0.00000000   0.00000000    -0.18782996  -0.06102965     0.00000000   0.00000000
    2    2
  0.35023502  -0.00000000     0.00000000  -0.00000000     0.00000000  -0.01924827
  0.00000000   0.00000000     0.26354358   0.00000000     0.00000000  -0.00000000
  0.00000000   0.01924827     0.00000000  -0.00000000     0.26795736   0.00000000

     Dynamical  Matrix in cartesian axes

     q = (    1.000000000  -0.200000000   0.000000000 ) 

    1    1
  0.35023502  -0.00000000     0.00000000   0.00000000     0.00000000  -0.01924827
  0.00000000   0.00000000     0.26354358   0.00000000     0.00000000   0.00000000
  0.00000000   0.01924827     0.00000000  -0.00000000     0.26795736  -0.00000000
    1    2
  0.00000000  -0.00000000    -0.01602612   0.04932333    -0.00000000  -0.00000000
 -0.01602612   0.04932333    -0.00000000  -0.00000000    -0.18782996  -0.06102965
  0.00000000  -0.00000000    -0.18782996  -0.06102965    -0.00000000  -0.00000000
    2    1
  0.00000000   0.00000000    -0.01602612  -0.04932333     0.00000000  -0.00000000
 -0.01602612  -0.04932333     0.00000000  -0.00000000    -0.18782996   0.06102965
 -0.00000000   0.00000000    -0.18782996   0.06102965    -0.00000000  -0.00000000
    2    2
  0.35023502  -0.00000000     0.00000000  -0.00000000     0.00000000   0.01924827
  0.00000000   0.00000000     0.26354358   0.00000000     0.00000000  -0.00000000
  0.00000000  -0.01924827     0.00000000   0.00000000     0.26795736   0.00000000

     Dynamical  Matrix in cartesian axes

     q = (    1.000000000   0.000000000   0.200000000 ) 

    1    1
  0.35023502   0.00000000     0.00000000   0.01924827     0.00000000  -0.00000000
  0.00000000  -0.01924827     0.26795736  -0.00000000     0.00000000  -0.00000000
  0.00000000   0.00000000     0.00000000   0.00000000     0.26354358   0.00000000
    1    2
 -0.00000000   0.00000000     0.00000000  -0.00000000    -0.01602612  -0.04932333
  0.00000000   0.00000000    -0.00000000  -0.00000000    -0.18782996   0.06102965
 -0.01602612  -0.04932333    -0.18782996   0.06102965    -0.00000000   0.00000000
    2    1
  0.00000000  -0.00000000     0.00000000   0.00000000    -0.01602612   0.04932333
  0.00000000  -0.00000000     0.00000000  -0.00000000    -0.18782996  -0.06102965
 -0.01602612   0.04932333    -0.18782996  -0.06102965    -0.00000000  -0.00000000
    2    2
  0.35023502  -0.00000000     0.00000000  -0.01924827     0.00000000  -0.00000000
  0.00000000   0.01924827     0.26795736   0.00000000     0.00000000  -0.00000000
  0.00000000  -0.00000000     0.00000000  -0.00000000     0.26354358   0.00000000

     Dynamical  Matrix in cartesian axes

     q = (    1.000000000   0.000000000  -0.200000000 ) 

    1    1
  0.35023502  -0.00000000     0.00000000  -0.01924827     0.00000000  -0.00000000
  0.00000000   0.01924827     0.26795736   0.00000000     0.00000000  -0.00000000
  0.00000000  -0.00000000     0.00000000  -0.00000000     0.26354358   0.00000000
    1    2
  0.00000000   0.00000000     0.00000000  -0.00000000    -0.01602612   0.04932333
 -0.00000000   0.00000000     0.00000000  -0.00000000    -0.18782996  -0.06102965
 -0.01602612   0.04932333    -0.18782996  -0.06102965    -0.00000000   0.00000000
    2    1
 -0.00000000   0.00000000    -0.00000000   0.00000000    -0.01602612  -0.04932333
 -0.00000000   0.00000000     0.00000000   0.00000000    -0.18782996   0.06102965
 -0.01602612  -0.04932333    -0.18782996   0.06102965     0.00000000   0.00000000
    2    2
  0.35023502   0.00000000     0.00000000   0.01924827     0.00000000  -0.00000000
  0.00000000  -0.01924827     0.26795736  -0.00000000     0.00000000  -0.00000000
  0.00000000   0.00000000     0.00000000   0.00000000     0.26354358   0.00000000

     Dynamical  Matrix in cartesian axes

     q = (    0.200000000   1.000000000  -0.000000000 ) 

    1    1
  0.26354358   0.00000000     0.00000000   0.00000000     0.00000000   0.00000000
  0.00000000  -0.00000000     0.35023502  -0.00000000     0.00000000   0.01924827
  0.00000000   0.00000000     0.00000000  -0.01924827     0.26795736   0.00000000
    1    2
 -0.00000000   0.00000000    -0.01602612  -0.04932333    -0.18782996   0.06102965
 -0.01602612  -0.04932333    -0.00000000   0.00000000     0.00000000   0.00000000
 -0.18782996   0.06102965     0.00000000   0.00000000    -0.00000000   0.00000000
    2    1
  0.00000000   0.00000000    -0.01602612   0.04932333    -0.18782996  -0.06102965
 -0.01602612   0.04932333     0.00000000   0.00000000    -0.00000000   0.00000000
 -0.18782996  -0.06102965    -0.00000000  -0.00000000    -0.00000000   0.00000000
    2    2
  0.26354358   0.00000000     0.00000000   0.00000000     0.00000000  -0.00000000
  0.00000000  -0.00000000     0.35023502  -0.00000000     0.00000000  -0.01924827
  0.00000000   0.00000000     0.00000000   0.01924827     0.26795736  -0.00000000

     Dynamical  Matrix in cartesian axes

     q = (   -0.200000000   0.000000000  -1.000000000 ) 

    1    1
  0.26354358   0.00000000     0.00000000  -0.00000000     0.00000000   0.00000000
  0.00000000   0.00000000     0.26795736  -0.00000000     0.00000000   0.01924827
  0.00000000  -0.00000000     0.00000000  -0.01924827     0.35023502   0.00000000
    1    2
  0.00000000   0.00000000    -0.18782996  -0.06102965    -0.01602612   0.04932333
 -0.18782996  -0.06102965     0.00000000   0.00000000     0.00000000   0.00000000
 -0.01602612   0.04932333     0.00000000  -0.00000000     0.00000000  -0.00000000
    2    1
  0.00000000   0.00000000    -0.18782996   0.06102965    -0.01602612  -0.04932333
 -0.18782996   0.06102965     0.00000000   0.00000000     0.00000000  -0.00000000
 -0.01602612  -0.04932333     0.00000000  -0.00000000     0.00000000   0.00000000
    2    2
  0.26354358   0.00000000     0.00000000   0.00000000     0.00000000   0.00000000
  0.00000000   0.00000000     0.26795736   0.00000000     0.00000000  -0.01924827
  0.00000000  -0.00000000     0.00000000   0.01924827     0.35023502   0.00000000

     Dynamical  Matrix in cartesian axes

     q = (    0.200000000   0.000000000  -1.000000000 ) 

    1    1
  0.26354358   0.00000000     0.00000000   0.00000000     0.00000000   0.00000000
  0.00000000   0.00000000     0.26795736   0.00000000     0.00000000  -0.01924827
  0.00000000  -0.00000000     0.00000000   0.01924827     0.35023502   0.00000000
    1    2
  0.00000000  -0.00000000    -0.18782996   0.06102965    -0.01602612  -0.04932333
 -0.18782996   0.06102965     0.00000000   0.00000000     0.00000000  -0.00000000
 -0.01602612  -0.04932333    -0.00000000   0.00000000    -0.00000000   0.00000000
    2    1
  0.00000000   0.00000000    -0.18782996  -0.06102965    -0.01602612   0.04932333
 -0.18782996  -0.06102965     0.00000000   0.00000000    -0.00000000  -0.00000000
 -0.01602612   0.04932333     0.00000000  -0.00000000     0.00000000   0.00000000
    2    2
  0.26354358   0.00000000     0.00000000  -0.00000000     0.00000000   0.00000000
  0.00000000   0.00000000     0.26795736  -0.00000000     0.00000000   0.01924827
  0.00000000  -0.00000000     0.00000000  -0.01924827     0.35023502   0.00000000

     Dynamical  Matrix in cartesian axes

     q = (    0.000000000  -1.000000000  -0.200000000 ) 

    1    1
  0.26795736   0.00000000     0.00000000   0.01924827     0.00000000   0.00000000
  0.00000000  -0.01924827     0.35023502   0.00000000     0.00000000  -0.00000000
  0.00000000   0.00000000     0.00000000  -0.00000000     0.26354358   0.00000000
    1    2
 -0.00000000   0.00000000     0.00000000   0.00000000    -0.18782996  -0.06102965
  0.00000000   0.00000000    -0.00000000   0.00000000    -0.01602612   0.04932333
 -0.18782996  -0.06102965    -0.01602612   0.04932333    -0.00000000  -0.00000000
    2    1
  0.00000000   0.00000000     0.00000000  -0.00000000    -0.18782996   0.06102965
  0.00000000   0.00000000    -0.00000000  -0.00000000    -0.01602612  -0.04932333
 -0.18782996   0.06102965    -0.01602612  -0.04932333    -0.00000000   0.00000000
    2    2
  0.26795736  -0.00000000     0.00000000  -0.01924827     0.00000000   0.00000000
  0.00000000   0.01924827     0.35023502   0.00000000     0.00000000   0.00000000
  0.00000000  -0.00000000     0.00000000  -0.00000000     0.26354358   0.00000000

     Dynamical  Matrix in cartesian axes

     q = (   -0.000000000  -1.000000000   0.200000000 ) 

    1    1
  0.26795736  -0.00000000     0.00000000  -0.01924827     0.00000000   0.00000000
  0.00000000   0.01924827     0.35023502   0.00000000     0.00000000   0.00000000
  0.00000000  -0.00000000     0.00000000  -0.00000000     0.26354358   0.00000000
    1    2
 -0.00000000   0.00000000    -0.00000000   0.00000000    -0.18782996   0.06102965
 -0.00000000  -0.00000000     0.00000000   0.00000000    -0.01602612  -0.04932333
 -0.18782996   0.06102965    -0.01602612  -0.04932333     0.00000000   0.00000000
    2    1
  0.00000000   0.00000000     0.00000000   0.00000000    -0.18782996  -0.06102965
  0.00000000  -0.00000000     0.00000000  -0.00000000    -0.01602612   0.04932333
 -0.18782996  -0.06102965    -0.01602612   0.04932333     0.00000000   0.00000000
    2    2
  0.26795736   0.00000000     0.00000000   0.01924827     0.00000000   0.00000000
  0.00000000  -0.01924827     0.35023502  -0.00000000     0.00000000   0.00000000
  0.00000000   0.00000000     0.00000000   0.00000000     0.26354358   0.00000000

     Dynamical  Matrix in cartesian axes

     q = (    0.000000000  -0.200000000   1.000000000 ) 

    1    1
  0.26795736   0.00000000     0.00000000   0.00000000     0.00000000   0.01924827
  0.00000000  -0.00000000     0.26354358   0.00000000     0.00000000  -0.00000000
  0.00000000  -0.01924827     0.00000000  -0.00000000     0.35023502   0.00000000
    1    2
  0.00000000   0.00000000    -0.18782996  -0.06102965     0.00000000  -0.00000000
 -0.18782996  -0.06102965     0.00000000  -0.00000000    -0.01602612   0.04932333
  0.00000000   0.00000000    -0.01602612   0.04932333     0.00000000  -0.00000000
    2    1
  0.00000000   0.00000000    -0.18782996   0.06102965     0.00000000  -0.00000000
 -0.18782996   0.06102965     0.00000000   0.00000000    -0.01602612  -0.04932333
  0.00000000   0.00000000    -0.01602612  -0.04932333     0.00000000  -0.00000000
    2    2
  0.26795736  -0.00000000     0.00000000   0.00000000     0.00000000  -0.01924827
  0.00000000  -0.00000000     0.26354358   0.00000000     0.00000000  -0.00000000
  0.00000000   0.01924827     0.00000000   0.00000000     0.35023502   0.00000000

     Dynamical  Matrix in cartesian axes

     q = (    0.000000000   0.200000000   1.000000000 ) 

    1    1
  0.26795736  -0.00000000     0.00000000   0.00000000     0.00000000  -0.01924827
  0.00000000  -0.00000000     0.26354358   0.00000000     0.00000000  -0.00000000
  0.00000000   0.01924827     0.00000000   0.00000000     0.35023502   0.00000000
    1    2
  0.00000000   0.00000000    -0.18782996   0.06102965     0.00000000  -0.00000000
 -0.18782996   0.06102965    -0.00000000   0.00000000    -0.01602612  -0.04932333
  0.00000000   0.00000000    -0.01602612  -0.04932333     0.00000000  -0.00000000
    2    1
  0.00000000  -0.00000000    -0.18782996  -0.06102965     0.00000000  -0.00000000
 -0.18782996  -0.06102965     0.00000000   0.00000000    -0.01602612   0.04932333
  0.00000000  -0.00000000    -0.01602612   0.04932333     0.00000000  -0.00000000
    2    2
  0.26795736   0.00000000     0.00000000   0.00000000     0.00000000   0.01924827
  0.00000000   0.00000000     0.26354358   0.00000000     0.00000000  -0.00000000
  0.00000000  -0.01924827     0.00000000   0.00000000     0.35023502   0.00000000

     Dynamical  Matrix in cartesian axes

     q = (   -0.200000000  -1.000000000   0.000000000 ) 

    1    1
  0.26354358   0.00000000     0.00000000   0.00000000     0.00000000   0.00000000
  0.00000000  -0.00000000     0.35023502  -0.00000000     0.00000000  -0.01924827
  0.00000000   0.00000000     0.00000000   0.01924827     0.26795736   0.00000000
    1    2
  0.00000000   0.00000000    -0.01602612   0.04932333    -0.18782996  -0.06102965
 -0.01602612   0.04932333     0.00000000   0.00000000     0.00000000   0.00000000
 -0.18782996  -0.06102965    -0.00000000  -0.00000000    -0.00000000  -0.00000000
    2    1
  0.00000000   0.00000000    -0.01602612  -0.04932333    -0.18782996   0.06102965
 -0.01602612  -0.04932333    -0.00000000   0.00000000    -0.00000000  -0.00000000
 -0.18782996   0.06102965     0.00000000  -0.00000000    -0.00000000   0.00000000
    2    2
  0.26354358   0.00000000     0.00000000   0.00000000     0.00000000  -0.00000000
  0.00000000   0.00000000     0.35023502   0.00000000     0.00000000   0.01924827
  0.00000000   0.00000000     0.00000000  -0.01924827     0.26795736  -0.00000000

     Diagonalizing the dynamical matrix

     q = (    1.000000000   0.200000000   0.000000000 ) 

 **************************************************************************
     freq (    1) =       5.293690 [THz] =     176.578507 [cm-1]
 (  0.025802  0.055992  0.461046 -0.149803  0.463229 -0.213468 ) 
 (  0.000000 -0.056726  0.523214 -0.061848  0.469307  0.000000 ) 
     freq (    2) =       5.293690 [THz] =     176.578507 [cm-1]
 ( -0.023741 -0.051519  0.501071 -0.162808 -0.426227  0.196417 ) 
 ( -0.000000 -0.061651 -0.481421  0.056908  0.510049  0.000000 ) 
     freq (    3) =      11.865373 [THz] =     395.786248 [cm-1]
 (  0.280755  0.885736  0.008188 -0.002660 -0.297370  0.094258 ) 
 ( -0.000000 -0.041390  0.193267  0.001392 -0.013896  0.000000 ) 
     freq (    4) =      11.865373 [THz] =     395.786248 [cm-1]
 ( -0.012506 -0.039456  0.183812 -0.059724  0.013247 -0.004199 ) 
 ( -0.000000 -0.929167 -0.008609 -0.000062 -0.311952  0.000000 ) 
     freq (    5) =      14.282512 [THz] =     476.413317 [cm-1]
 ( -0.041574 -0.094370  0.610886 -0.198489 -0.171426  0.075520 ) 
 (  0.000000  0.342465  0.192433 -0.019463 -0.622097  0.000000 ) 
     freq (    6) =      14.282512 [THz] =     476.413317 [cm-1]
 (  0.138065  0.313401  0.183948 -0.059768  0.569301 -0.250799 ) 
 ( -0.000000  0.103122 -0.639064  0.064636 -0.187324  0.000000 ) 
 **************************************************************************
