Dynamical matrix file
Phonons on a uniform q-grid                                                
  1    2   2  10.2000000   0.0000000   0.0000000   0.0000000   0.0000000   0.0000000
           1  'Si  '    25598.3672898282     
    1    1      0.0000000000      0.0000000000      0.0000000000
    2    1      0.2500000000      0.2500000000      0.2500000000

     Dynamical  Matrix in cartesian axes

     q = (    0.500000000   0.500000000   0.000000000 ) 

    1    1
  0.28586353   0.00000000     0.01335460   0.00000000     0.00000000   0.00784391
  0.01335460   0.00000000     0.28586353   0.00000000     0.00000000   0.00784391
  0.00000000  -0.00784391     0.00000000  -0.00784391     0.30172317   0.00000000
    1    2
 -0.00000000   0.13674783     0.00000000  -0.09661619    -0.09726426  -0.00000000
  0.00000000  -0.09661619    -0.00000000   0.13674783    -0.09726426  -0.00000000
 -0.09726426  -0.00000000    -0.09726426  -0.00000000    -0.00000000   0.15272416
    2    1
 -0.00000000  -0.13674783     0.00000000   0.09661619    -0.09726426   0.00000000
 -0.00000000   0.09661619    -0.00000000  -0.13674783    -0.09726426   0.00000000
 -0.09726426   0.00000000    -0.09726426   0.00000000    -0.00000000  -0.15272416
    2    2
  0.28586353   0.00000000     0.01335460   0.00000000     0.00000000  -0.00784391
  0.01335460   0.00000000     0.28586353   0.00000000     0.00000000  -0.00784391
  0.00000000   0.00784391     0.00000000   0.00784391     0.30172317   0.00000000

     Dynamical  Matrix in cartesian axes

     q = (    0.500000000  -0.500000000   0.000000000 ) 

    1    1
  0.28586353   0.00000000    -0.01335460   0.00000000     0.00000000  -0.00784391
 -0.01335460   0.00000000     0.28586353   0.00000000     0.00000000   0.00784391
  0.00000000   0.00784391     0.00000000  -0.00784391     0.30172317   0.00000000
    1    2
 -0.13674783   0.00000000    -0.09661619   0.00000000     0.00000000   0.09726426
 -0.09661619  -0.00000000    -0.13674783   0.00000000     0.00000000  -0.09726426
  0.00000000   0.09726426     0.00000000  -0.09726426    -0.15272416   0.00000000
    2    1
 -0.13674783   0.00000000    -0.09661619   0.00000000     0.00000000  -0.09726426
 -0.09661619   0.00000000    -0.13674783   0.00000000     0.00000000   0.09726426
  0.00000000  -0.09726426     0.00000000   0.09726426    -0.15272416   0.00000000
    2    2
  0.28586353   0.00000000    -0.01335460   0.00000000     0.00000000   0.00784391
 -0.01335460   0.00000000     0.28586353   0.00000000     0.00000000  -0.00784391
  0.00000000  -0.00784391     0.00000000   0.00784391     0.30172317   0.00000000

     Dynamical  Matrix in cartesian axes

     q = (   -0.500000000  -0.500000000   0.000000000 ) 

    1    1
  0.28586353   0.00000000     0.01335460   0.00000000     0.00000000  -0.00784391
  0.01335460   0.00000000     0.28586353   0.00000000     0.00000000  -0.00784391
  0.00000000   0.00784391     0.00000000   0.00784391     0.30172317   0.00000000
    1    2
 -0.00000000  -0.13674783     0.00000000   0.09661619    -0.09726426   0.00000000
 -0.00000000   0.09661619    -0.00000000  -0.13674783    -0.09726426   0.00000000
 -0.09726426   0.00000000    -0.09726426   0.00000000    -0.00000000  -0.15272416
    2    1
 -0.00000000   0.13674783     0.00000000  -0.09661619    -0.09726426  -0.00000000
  0.00000000  -0.09661619     0.00000000   0.13674783    -0.09726426  -0.00000000
 -0.09726426  -0.00000000    -0.09726426  -0.00000000     0.00000000   0.15272416
    2    2
  0.28586353   0.00000000     0.01335460   0.00000000     0.00000000   0.00784391
  0.01335460   0.00000000     0.28586353   0.00000000     0.00000000   0.00784391
  0.00000000  -0.00784391     0.00000000  -0.00784391     0.30172317   0.00000000

     Dynamical  Matrix in cartesian axes

     q = (   -0.500000000   0.500000000   0.000000000 ) 

    1    1
  0.28586353   0.00000000    -0.01335460   0.00000000     0.00000000   0.00784391
 -0.01335460   0.00000000     0.28586353   0.00000000     0.00000000  -0.00784391
  0.00000000  -0.00784391     0.00000000   0.00784391     0.30172317   0.00000000
    1    2
 -0.13674783   0.00000000    -0.09661619   0.00000000     0.00000000  -0.09726426
 -0.09661619  -0.00000000    -0.13674783   0.00000000     0.00000000   0.09726426
  0.00000000  -0.09726426     0.00000000   0.09726426    -0.15272416   0.00000000
    2    1
 -0.13674783   0.00000000    -0.09661619   0.00000000     0.00000000   0.09726426
 -0.09661619   0.00000000    -0.13674783   0.00000000     0.00000000  -0.09726426
  0.00000000   0.09726426     0.00000000  -0.09726426    -0.15272416   0.00000000
    2    2
  0.28586353   0.00000000    -0.01335460   0.00000000     0.00000000  -0.00784391
 -0.01335460   0.00000000     0.28586353   0.00000000     0.00000000   0.00784391
  0.00000000   0.00784391     0.00000000  -0.00784391     0.30172317   0.00000000

     Dynamical  Matrix in cartesian axes

     q = (    0.500000000   0.000000000   0.500000000 ) 

    1    1
  0.28586353   0.00000000     0.00000000   0.00784391     0.01335460   0.00000000
  0.00000000  -0.00784391     0.30172317   0.00000000     0.00000000  -0.00784391
  0.01335460   0.00000000     0.00000000   0.00784391     0.28586353   0.00000000
    1    2
 -0.00000000   0.13674783    -0.09726426   0.00000000     0.00000000  -0.09661619
 -0.09726426   0.00000000     0.00000000   0.15272416    -0.09726426   0.00000000
  0.00000000  -0.09661619    -0.09726426   0.00000000    -0.00000000   0.13674783
    2    1
 -0.00000000  -0.13674783    -0.09726426  -0.00000000     0.00000000   0.09661619
 -0.09726426  -0.00000000    -0.00000000  -0.15272416    -0.09726426  -0.00000000
 -0.00000000   0.09661619    -0.09726426  -0.00000000    -0.00000000  -0.13674783
    2    2
  0.28586353   0.00000000     0.00000000  -0.00784391     0.01335460   0.00000000
  0.00000000   0.00784391     0.30172317   0.00000000     0.00000000   0.00784391
  0.01335460   0.00000000     0.00000000  -0.00784391     0.28586353   0.00000000

     Dynamical  Matrix in cartesian axes

     q = (   -0.500000000   0.000000000  -0.500000000 ) 

    1    1
  0.28586353   0.00000000     0.00000000  -0.00784391     0.01335460   0.00000000
  0.00000000   0.00784391     0.30172317   0.00000000     0.00000000   0.00784391
  0.01335460   0.00000000     0.00000000  -0.00784391     0.28586353   0.00000000
    1    2
 -0.00000000  -0.13674783    -0.09726426  -0.00000000     0.00000000   0.09661619
 -0.09726426  -0.00000000    -0.00000000  -0.15272416    -0.09726426  -0.00000000
  0.00000000   0.09661619    -0.09726426  -0.00000000    -0.00000000  -0.13674783
    2    1
 -0.00000000   0.13674783    -0.09726426   0.00000000     0.00000000  -0.09661619
 -0.09726426   0.00000000     0.00000000   0.15272416    -0.09726426   0.00000000
  0.00000000  -0.09661619    -0.09726426   0.00000000     0.00000000   0.13674783
    2    2
  0.28586353   0.00000000     0.00000000   0.00784391     0.01335460   0.00000000
  0.00000000  -0.00784391     0.30172317   0.00000000     0.00000000  -0.00784391
  0.01335460   0.00000000     0.00000000   0.00784391     0.28586353   0.00000000

     Dynamical  Matrix in cartesian axes

     q = (    0.500000000   0.000000000  -0.500000000 ) 

    1    1
  0.28586353   0.00000000     0.00000000  -0.00784391    -0.01335460   0.00000000
  0.00000000   0.00784391     0.30172317   0.00000000     0.00000000  -0.00784391
 -0.01335460   0.00000000     0.00000000   0.00784391     0.28586353   0.00000000
    1    2
 -0.13674783   0.00000000     0.00000000   0.09726426    -0.09661619  -0.00000000
  0.00000000   0.09726426    -0.15272416  -0.00000000     0.00000000  -0.09726426
 -0.09661619   0.00000000     0.00000000  -0.09726426    -0.13674783  -0.00000000
    2    1
 -0.13674783   0.00000000     0.00000000  -0.09726426    -0.09661619   0.00000000
  0.00000000  -0.09726426    -0.15272416   0.00000000     0.00000000   0.09726426
 -0.09661619   0.00000000     0.00000000   0.09726426    -0.13674783   0.00000000
    2    2
  0.28586353   0.00000000     0.00000000   0.00784391    -0.01335460   0.00000000
  0.00000000  -0.00784391     0.30172317   0.00000000     0.00000000   0.00784391
 -0.01335460   0.00000000     0.00000000  -0.00784391     0.28586353   0.00000000

     Dynamical  Matrix in cartesian axes

     q = (   -0.500000000   0.000000000   0.500000000 ) 

    1    1
  0.28586353   0.00000000     0.00000000   0.00784391    -0.01335460   0.00000000
  0.00000000  -0.00784391     0.30172317   0.00000000     0.00000000   0.00784391
 -0.01335460   0.00000000     0.00000000  -0.00784391     0.28586353   0.00000000
    1    2
 -0.13674783   0.00000000     0.00000000  -0.09726426    -0.09661619   0.00000000
  0.00000000  -0.09726426    -0.15272416   0.00000000     0.00000000   0.09726426
 -0.09661619   0.00000000     0.00000000   0.09726426    -0.13674783   0.00000000
    2    1
 -0.13674783   0.00000000     0.00000000   0.09726426    -0.09661619   0.00000000
  0.00000000   0.09726426    -0.15272416   0.00000000     0.00000000  -0.09726426
 -0.09661619   0.00000000     0.00000000  -0.09726426    -0.13674783   0.00000000
    2    2
  0.28586353   0.00000000     0.00000000  -0.00784391    -0.01335460   0.00000000
  0.00000000   0.00784391     0.30172317   0.00000000     0.00000000  -0.00784391
 -0.01335460   0.00000000     0.00000000   0.00784391     0.28586353   0.00000000

     Dynamical  Matrix in cartesian axes

     q = (    0.000000000   0.500000000   0.500000000 ) 

    1    1
  0.30172317   0.00000000     0.00000000  -0.00784391     0.00000000  -0.00784391
  0.00000000   0.00784391     0.28586353   0.00000000     0.01335460   0.00000000
  0.00000000   0.00784391     0.01335460   0.00000000     0.28586353   0.00000000
    1    2
 -0.00000000   0.15272416    -0.09726426   0.00000000    -0.09726426   0.00000000
 -0.09726426   0.00000000     0.00000000   0.13674783     0.00000000  -0.09661619
 -0.09726426   0.00000000     0.00000000  -0.09661619    -0.00000000   0.13674783
    2    1
 -0.00000000  -0.15272416    -0.09726426   0.00000000    -0.09726426   0.00000000
 -0.09726426   0.00000000    -0.00000000  -0.13674783     0.00000000   0.09661619
 -0.09726426   0.00000000     0.00000000   0.09661619     0.00000000  -0.13674783
    2    2
  0.30172317   0.00000000     0.00000000   0.00784391     0.00000000   0.00784391
  0.00000000  -0.00784391     0.28586353   0.00000000     0.01335460   0.00000000
  0.00000000  -0.00784391     0.01335460   0.00000000     0.28586353   0.00000000

     Dynamical  Matrix in cartesian axes

     q = (    0.000000000  -0.500000000  -0.500000000 ) 

    1    1
  0.30172317   0.00000000     0.00000000   0.00784391     0.00000000   0.00784391
  0.00000000  -0.00784391     0.28586353   0.00000000     0.01335460   0.00000000
  0.00000000  -0.00784391     0.01335460   0.00000000     0.28586353   0.00000000
    1    2
 -0.00000000  -0.15272416    -0.09726426   0.00000000    -0.09726426   0.00000000
 -0.09726426   0.00000000    -0.00000000  -0.13674783    -0.00000000   0.09661619
 -0.09726426   0.00000000    -0.00000000   0.09661619     0.00000000  -0.13674783
    2    1
 -0.00000000   0.15272416    -0.09726426   0.00000000    -0.09726426   0.00000000
 -0.09726426   0.00000000     0.00000000   0.13674783     0.00000000  -0.09661619
 -0.09726426   0.00000000     0.00000000  -0.09661619    -0.00000000   0.13674783
    2    2
  0.30172317   0.00000000     0.00000000  -0.00784391     0.00000000  -0.00784391
  0.00000000   0.00784391     0.28586353   0.00000000     0.01335460   0.00000000
  0.00000000   0.00784391     0.01335460   0.00000000     0.28586353   0.00000000

     Dynamical  Matrix in cartesian axes

     q = (    0.000000000  -0.500000000   0.500000000 ) 

    1    1
  0.30172317   0.00000000     0.00000000  -0.00784391     0.00000000   0.00784391
  0.00000000   0.00784391     0.28586353   0.00000000    -0.01335460   0.00000000
  0.00000000  -0.00784391    -0.01335460   0.00000000     0.28586353   0.00000000
    1    2
 -0.15272416   0.00000000    -0.00000000  -0.09726426     0.00000000   0.09726426
 -0.00000000  -0.09726426    -0.13674783   0.00000000    -0.09661619  -0.00000000
  0.00000000   0.09726426    -0.09661619  -0.00000000    -0.13674783   0.00000000
    2    1
 -0.15272416   0.00000000    -0.00000000   0.09726426     0.00000000  -0.09726426
 -0.00000000   0.09726426    -0.13674783   0.00000000    -0.09661619  -0.00000000
  0.00000000  -0.09726426    -0.09661619  -0.00000000    -0.13674783   0.00000000
    2    2
  0.30172317   0.00000000     0.00000000   0.00784391     0.00000000  -0.00784391
  0.00000000  -0.00784391     0.28586353   0.00000000    -0.01335460   0.00000000
  0.00000000   0.00784391    -0.01335460   0.00000000     0.28586353   0.00000000

     Dynamical  Matrix in cartesian axes

     q = (    0.000000000   0.500000000  -0.500000000 ) 

    1    1
  0.30172317   0.00000000     0.00000000   0.00784391     0.00000000  -0.00784391
  0.00000000  -0.00784391     0.28586353   0.00000000    -0.01335460   0.00000000
  0.00000000   0.00784391    -0.01335460   0.00000000     0.28586353   0.00000000
    1    2
 -0.15272416   0.00000000    -0.00000000   0.09726426     0.00000000  -0.09726426
 -0.00000000   0.09726426    -0.13674783   0.00000000    -0.09661619   0.00000000
  0.00000000  -0.09726426    -0.09661619   0.00000000    -0.13674783   0.00000000
    2    1
 -0.15272416   0.00000000    -0.00000000  -0.09726426     0.00000000   0.09726426
 -0.00000000  -0.09726426    -0.13674783   0.00000000    -0.09661619  -0.00000000
  0.00000000   0.09726426    -0.09661619  -0.00000000    -0.13674783   0.00000000
    2    2
  0.30172317   0.00000000     0.00000000  -0.00784391     0.00000000   0.00784391
  0.00000000   0.00784391     0.28586353   0.00000000    -0.01335460   0.00000000
  0.00000000  -0.00784391    -0.01335460   0.00000000     0.28586353   0.00000000

     Diagonalizing the dynamical matrix

     q = (    0.500000000   0.500000000   0.000000000 ) 

 **************************************************************************
     freq (    1) =       4.068239 [THz] =     135.701856 [cm-1]
 ( -0.142421  0.479287  0.142421 -0.479287 -0.000000  0.000000 ) 
 ( -0.479287 -0.142421  0.479287  0.142421 -0.000000  0.000000 ) 
     freq (    2) =       6.026552 [THz] =     201.024137 [cm-1]
 (  0.223233  0.000000  0.223233 -0.000000 -0.000000 -0.632720 ) 
 ( -0.000000 -0.223233  0.000000 -0.223233  0.632720  0.000000 ) 
     freq (    3) =       8.697073 [THz] =     290.103121 [cm-1]
 ( -0.440053  0.000000 -0.440053  0.000000 -0.000000 -0.335718 ) 
 ( -0.000000 -0.440053 -0.000000 -0.440053 -0.335718  0.000000 ) 
     freq (    4) =      13.044381 [THz] =     435.113714 [cm-1]
 (  0.447400  0.000000  0.447400 -0.000000  0.000000  0.315699 ) 
 ( -0.000000 -0.447400 -0.000000 -0.447400 -0.315699  0.000000 ) 
     freq (    5) =      14.624790 [THz] =     487.830475 [cm-1]
 (  0.447267 -0.223500 -0.447267  0.223500 -0.000000  0.000000 ) 
 ( -0.223500 -0.447267  0.223500  0.447267  0.000000  0.000000 ) 
     freq (    6) =      15.034793 [THz] =     501.506696 [cm-1]
 (  0.237388 -0.000000  0.237388  0.000000  0.000000 -0.622329 ) 
 ( -0.000000  0.237388  0.000000  0.237388 -0.622329  0.000000 ) 
 **************************************************************************
