Dynamical matrix file
Phonons on a uniform q-grid                                                
  1    2   2  10.2000000   0.0000000   0.0000000   0.0000000   0.0000000   0.0000000
           1  'Si  '    25598.3672898282     
    1    1      0.0000000000      0.0000000000      0.0000000000
    2    1      0.2500000000      0.2500000000      0.2500000000

     Dynamical  Matrix in cartesian axes

     q = (    1.000000000   0.400000000   0.000000000 ) 

    1    1
  0.32148066   0.00000000     0.00000000   0.00000000     0.00000000   0.01865231
 -0.00000000   0.00000000     0.26126443   0.00000000     0.00000000   0.00000000
  0.00000000  -0.01865231    -0.00000000   0.00000000     0.28105588   0.00000000
    1    2
 -0.00000000  -0.00000000    -0.06749066  -0.09289293    -0.00000000  -0.00000000
 -0.06749066  -0.09289293    -0.00000000  -0.00000000    -0.12717114   0.09239524
 -0.00000000  -0.00000000    -0.12717114   0.09239524    -0.00000000   0.00000000
    2    1
  0.00000000   0.00000000    -0.06749066   0.09289293    -0.00000000   0.00000000
 -0.06749066   0.09289293    -0.00000000   0.00000000    -0.12717114  -0.09239524
  0.00000000   0.00000000    -0.12717114  -0.09239524    -0.00000000   0.00000000
    2    2
  0.32148066   0.00000000     0.00000000  -0.00000000     0.00000000  -0.01865231
  0.00000000   0.00000000     0.26126443  -0.00000000     0.00000000   0.00000000
  0.00000000   0.01865231     0.00000000   0.00000000     0.28105588  -0.00000000

     Dynamical  Matrix in cartesian axes

     q = (    1.000000000  -0.400000000  -0.000000000 ) 

    1    1
  0.32148066   0.00000000     0.00000000   0.00000000     0.00000000  -0.01865231
  0.00000000  -0.00000000     0.26126443  -0.00000000     0.00000000   0.00000000
  0.00000000   0.01865231     0.00000000   0.00000000     0.28105588  -0.00000000
    1    2
 -0.00000000   0.00000000    -0.06749066   0.09289293     0.00000000   0.00000000
 -0.06749066   0.09289293     0.00000000  -0.00000000    -0.12717114  -0.09239524
 -0.00000000   0.00000000    -0.12717114  -0.09239524     0.00000000   0.00000000
    2    1
 -0.00000000   0.00000000    -0.06749066  -0.09289293    -0.00000000   0.00000000
 -0.06749066  -0.09289293    -0.00000000   0.00000000    -0.12717114   0.09239524
 -0.00000000   0.00000000    -0.12717114   0.09239524    -0.00000000   0.00000000
    2    2
  0.32148066   0.00000000     0.00000000   0.00000000    -0.00000000   0.01865231
  0.00000000   0.00000000     0.26126443   0.00000000     0.00000000   0.00000000
 -0.00000000  -0.01865231    -0.00000000   0.00000000     0.28105588   0.00000000

     Dynamical  Matrix in cartesian axes

     q = (    1.000000000   0.000000000   0.400000000 ) 

    1    1
  0.32148066   0.00000000    -0.00000000   0.01865231     0.00000000   0.00000000
  0.00000000  -0.01865231     0.28105588  -0.00000000     0.00000000   0.00000000
  0.00000000   0.00000000     0.00000000   0.00000000     0.26126443  -0.00000000
    1    2
 -0.00000000   0.00000000    -0.00000000   0.00000000    -0.06749066  -0.09289293
 -0.00000000   0.00000000    -0.00000000   0.00000000    -0.12717114   0.09239524
 -0.06749066  -0.09289293    -0.12717114   0.09239524    -0.00000000  -0.00000000
    2    1
 -0.00000000   0.00000000    -0.00000000   0.00000000    -0.06749066   0.09289293
 -0.00000000   0.00000000    -0.00000000   0.00000000    -0.12717114  -0.09239524
 -0.06749066   0.09289293    -0.12717114  -0.09239524    -0.00000000   0.00000000
    2    2
  0.32148066  -0.00000000    -0.00000000  -0.01865231     0.00000000  -0.00000000
  0.00000000   0.01865231     0.28105588  -0.00000000     0.00000000   0.00000000
  0.00000000  -0.00000000     0.00000000   0.00000000     0.26126443  -0.00000000

     Dynamical  Matrix in cartesian axes

     q = (    1.000000000   0.000000000  -0.400000000 ) 

    1    1
  0.32148066  -0.00000000     0.00000000  -0.01865231    -0.00000000   0.00000000
  0.00000000   0.01865231     0.28105588   0.00000000     0.00000000   0.00000000
  0.00000000  -0.00000000    -0.00000000  -0.00000000     0.26126443  -0.00000000
    1    2
 -0.00000000  -0.00000000    -0.00000000  -0.00000000    -0.06749066   0.09289293
 -0.00000000   0.00000000    -0.00000000   0.00000000    -0.12717114  -0.09239524
 -0.06749066   0.09289293    -0.12717114  -0.09239524     0.00000000   0.00000000
    2    1
 -0.00000000   0.00000000    -0.00000000  -0.00000000    -0.06749066  -0.09289293
 -0.00000000  -0.00000000    -0.00000000   0.00000000    -0.12717114   0.09239524
 -0.06749066  -0.09289293    -0.12717114   0.09239524    -0.00000000  -0.00000000
    2    2
  0.32148066   0.00000000     0.00000000   0.01865231     0.00000000   0.00000000
 -0.00000000  -0.01865231     0.28105588  -0.00000000     0.00000000   0.00000000
  0.00000000   0.00000000    -0.00000000   0.00000000     0.26126443  -0.00000000

     Dynamical  Matrix in cartesian axes

     q = (    0.400000000   1.000000000   0.000000000 ) 

    1    1
  0.26126443  -0.00000000    -0.00000000  -0.00000000     0.00000000  -0.00000000
  0.00000000  -0.00000000     0.32148066  -0.00000000    -0.00000000   0.01865231
  0.00000000  -0.00000000    -0.00000000  -0.01865231     0.28105588  -0.00000000
    1    2
  0.00000000   0.00000000    -0.06749066  -0.09289293    -0.12717114   0.09239524
 -0.06749066  -0.09289293     0.00000000  -0.00000000     0.00000000   0.00000000
 -0.12717114   0.09239524     0.00000000   0.00000000     0.00000000  -0.00000000
    2    1
  0.00000000   0.00000000    -0.06749066   0.09289293    -0.12717114  -0.09239524
 -0.06749066   0.09289293     0.00000000   0.00000000    -0.00000000  -0.00000000
 -0.12717114  -0.09239524    -0.00000000  -0.00000000     0.00000000   0.00000000
    2    2
  0.26126443   0.00000000    -0.00000000   0.00000000     0.00000000   0.00000000
  0.00000000   0.00000000     0.32148066   0.00000000     0.00000000  -0.01865231
  0.00000000   0.00000000     0.00000000   0.01865231     0.28105588   0.00000000

     Dynamical  Matrix in cartesian axes

     q = (   -0.400000000   0.000000000  -1.000000000 ) 

    1    1
  0.26126443  -0.00000000    -0.00000000   0.00000000    -0.00000000  -0.00000000
 -0.00000000   0.00000000     0.28105588  -0.00000000    -0.00000000   0.01865231
  0.00000000  -0.00000000     0.00000000  -0.01865231     0.32148066  -0.00000000
    1    2
  0.00000000   0.00000000    -0.12717114  -0.09239524    -0.06749066   0.09289293
 -0.12717114  -0.09239524     0.00000000   0.00000000     0.00000000  -0.00000000
 -0.06749066   0.09289293     0.00000000  -0.00000000     0.00000000   0.00000000
    2    1
  0.00000000   0.00000000    -0.12717114   0.09239524    -0.06749066  -0.09289293
 -0.12717114   0.09239524     0.00000000   0.00000000     0.00000000   0.00000000
 -0.06749066  -0.09289293     0.00000000   0.00000000     0.00000000   0.00000000
    2    2
  0.26126443  -0.00000000    -0.00000000   0.00000000     0.00000000  -0.00000000
 -0.00000000  -0.00000000     0.28105588   0.00000000    -0.00000000  -0.01865231
  0.00000000  -0.00000000     0.00000000   0.01865231     0.32148066  -0.00000000

     Dynamical  Matrix in cartesian axes

     q = (    0.400000000   0.000000000  -1.000000000 ) 

    1    1
  0.26126443  -0.00000000    -0.00000000  -0.00000000     0.00000000  -0.00000000
 -0.00000000  -0.00000000     0.28105588  -0.00000000    -0.00000000  -0.01865231
  0.00000000  -0.00000000     0.00000000   0.01865231     0.32148066  -0.00000000
    1    2
  0.00000000   0.00000000    -0.12717114   0.09239524    -0.06749066  -0.09289293
 -0.12717114   0.09239524     0.00000000   0.00000000     0.00000000   0.00000000
 -0.06749066  -0.09289293     0.00000000   0.00000000     0.00000000   0.00000000
    2    1
  0.00000000   0.00000000    -0.12717114  -0.09239524    -0.06749066   0.09289293
 -0.12717114  -0.09239524     0.00000000   0.00000000    -0.00000000  -0.00000000
 -0.06749066   0.09289293     0.00000000  -0.00000000     0.00000000   0.00000000
    2    2
  0.26126443  -0.00000000     0.00000000  -0.00000000     0.00000000  -0.00000000
 -0.00000000  -0.00000000     0.28105588  -0.00000000     0.00000000   0.01865231
  0.00000000   0.00000000     0.00000000  -0.01865231     0.32148066  -0.00000000

     Dynamical  Matrix in cartesian axes

     q = (    0.000000000  -1.000000000  -0.400000000 ) 

    1    1
  0.28105588   0.00000000     0.00000000   0.01865231    -0.00000000  -0.00000000
  0.00000000  -0.01865231     0.32148066  -0.00000000    -0.00000000  -0.00000000
 -0.00000000   0.00000000    -0.00000000   0.00000000     0.26126443  -0.00000000
    1    2
  0.00000000   0.00000000     0.00000000   0.00000000    -0.12717114  -0.09239524
  0.00000000   0.00000000     0.00000000   0.00000000    -0.06749066   0.09289293
 -0.12717114  -0.09239524    -0.06749066   0.09289293     0.00000000  -0.00000000
    2    1
  0.00000000  -0.00000000     0.00000000   0.00000000    -0.12717114   0.09239524
  0.00000000  -0.00000000     0.00000000  -0.00000000    -0.06749066  -0.09289293
 -0.12717114   0.09239524    -0.06749066  -0.09289293     0.00000000   0.00000000
    2    2
  0.28105588  -0.00000000    -0.00000000  -0.01865231    -0.00000000  -0.00000000
  0.00000000   0.01865231     0.32148066   0.00000000    -0.00000000  -0.00000000
  0.00000000  -0.00000000    -0.00000000   0.00000000     0.26126443  -0.00000000

     Dynamical  Matrix in cartesian axes

     q = (    0.000000000  -1.000000000   0.400000000 ) 

    1    1
  0.28105588  -0.00000000     0.00000000  -0.01865231    -0.00000000  -0.00000000
  0.00000000   0.01865231     0.32148066   0.00000000    -0.00000000  -0.00000000
 -0.00000000  -0.00000000     0.00000000   0.00000000     0.26126443  -0.00000000
    1    2
  0.00000000   0.00000000     0.00000000  -0.00000000    -0.12717114   0.09239524
  0.00000000   0.00000000     0.00000000  -0.00000000    -0.06749066  -0.09289293
 -0.12717114   0.09239524    -0.06749066  -0.09289293     0.00000000   0.00000000
    2    1
  0.00000000  -0.00000000     0.00000000  -0.00000000    -0.12717114  -0.09239524
  0.00000000  -0.00000000     0.00000000  -0.00000000    -0.06749066   0.09289293
 -0.12717114  -0.09239524    -0.06749066   0.09289293     0.00000000  -0.00000000
    2    2
  0.28105588   0.00000000     0.00000000   0.01865231    -0.00000000  -0.00000000
  0.00000000  -0.01865231     0.32148066  -0.00000000    -0.00000000  -0.00000000
 -0.00000000   0.00000000    -0.00000000   0.00000000     0.26126443  -0.00000000

     Dynamical  Matrix in cartesian axes

     q = (    0.000000000  -0.400000000   1.000000000 ) 

    1    1
  0.28105588  -0.00000000    -0.00000000  -0.00000000     0.00000000   0.01865231
 -0.00000000  -0.00000000     0.26126443  -0.00000000    -0.00000000   0.00000000
 -0.00000000  -0.01865231    -0.00000000   0.00000000     0.32148066  -0.00000000
    1    2
  0.00000000   0.00000000    -0.12717114  -0.09239524     0.00000000   0.00000000
 -0.12717114  -0.09239524     0.00000000  -0.00000000    -0.06749066   0.09289293
  0.00000000   0.00000000    -0.06749066   0.09289293     0.00000000   0.00000000
    2    1
  0.00000000  -0.00000000    -0.12717114   0.09239524     0.00000000  -0.00000000
 -0.12717114   0.09239524     0.00000000   0.00000000    -0.06749066  -0.09289293
 -0.00000000  -0.00000000    -0.06749066  -0.09289293     0.00000000  -0.00000000
    2    2
  0.28105588  -0.00000000     0.00000000  -0.00000000    -0.00000000  -0.01865231
  0.00000000  -0.00000000     0.26126443  -0.00000000    -0.00000000   0.00000000
 -0.00000000   0.01865231    -0.00000000  -0.00000000     0.32148066  -0.00000000

     Dynamical  Matrix in cartesian axes

     q = (   -0.000000000   0.400000000   1.000000000 ) 

    1    1
  0.28105588  -0.00000000    -0.00000000   0.00000000    -0.00000000  -0.01865231
 -0.00000000   0.00000000     0.26126443  -0.00000000    -0.00000000   0.00000000
  0.00000000   0.01865231     0.00000000   0.00000000     0.32148066  -0.00000000
    1    2
  0.00000000  -0.00000000    -0.12717114   0.09239524     0.00000000  -0.00000000
 -0.12717114   0.09239524     0.00000000   0.00000000    -0.06749066  -0.09289293
  0.00000000   0.00000000    -0.06749066  -0.09289293     0.00000000   0.00000000
    2    1
  0.00000000  -0.00000000    -0.12717114  -0.09239524     0.00000000  -0.00000000
 -0.12717114  -0.09239524     0.00000000   0.00000000    -0.06749066   0.09289293
  0.00000000  -0.00000000    -0.06749066   0.09289293     0.00000000  -0.00000000
    2    2
  0.28105588  -0.00000000    -0.00000000  -0.00000000     0.00000000   0.01865231
 -0.00000000  -0.00000000     0.26126443  -0.00000000    -0.00000000   0.00000000
 -0.00000000  -0.01865231    -0.00000000   0.00000000     0.32148066  -0.00000000

     Dynamical  Matrix in cartesian axes

     q = (   -0.400000000  -1.000000000   0.000000000 ) 

    1    1
  0.26126443  -0.00000000    -0.00000000  -0.00000000     0.00000000  -0.00000000
  0.00000000   0.00000000     0.32148066   0.00000000     0.00000000  -0.01865231
  0.00000000  -0.00000000     0.00000000   0.01865231     0.28105588  -0.00000000
    1    2
  0.00000000   0.00000000    -0.06749066   0.09289293    -0.12717114  -0.09239524
 -0.06749066   0.09289293     0.00000000   0.00000000    -0.00000000  -0.00000000
 -0.12717114  -0.09239524    -0.00000000  -0.00000000     0.00000000   0.00000000
    2    1
 -0.00000000   0.00000000    -0.06749066  -0.09289293    -0.12717114   0.09239524
 -0.06749066  -0.09289293    -0.00000000   0.00000000     0.00000000  -0.00000000
 -0.12717114   0.09239524     0.00000000  -0.00000000    -0.00000000   0.00000000
    2    2
  0.26126443  -0.00000000     0.00000000  -0.00000000     0.00000000  -0.00000000
  0.00000000   0.00000000     0.32148066   0.00000000    -0.00000000   0.01865231
  0.00000000  -0.00000000    -0.00000000  -0.01865231     0.28105588  -0.00000000

     Diagonalizing the dynamical matrix

     q = (    1.000000000   0.400000000   0.000000000 ) 

 **************************************************************************
     freq (    1) =       6.146580 [THz] =     205.027841 [cm-1]
 (  0.159112 -0.280867 -0.006919  0.005027 -0.505615 -0.286432 ) 
 ( -0.000000  0.003696 -0.309392 -0.679892 -0.006653  0.000000 ) 
     freq (    2) =       6.146580 [THz] =     205.027841 [cm-1]
 ( -0.001822  0.003216 -0.604318  0.439063  0.005789  0.003279 ) 
 (  0.000000  0.322804  0.003542  0.007784 -0.581110  0.000000 ) 
     freq (    3) =      11.057726 [THz] =     368.846032 [cm-1]
 (  0.603221  0.331168  0.049708 -0.036115 -0.251198  0.457557 ) 
 (  0.000000 -0.389017  0.098318 -0.046335 -0.295078  0.000000 ) 
     freq (    4) =      11.057726 [THz] =     368.846032 [cm-1]
 ( -0.341007 -0.187212  0.087931 -0.063886  0.142005 -0.258661 ) 
 ( -0.000000 -0.688148 -0.055580  0.026193 -0.521976  0.000000 ) 
     freq (    5) =      14.323536 [THz] =     477.781729 [cm-1]
 (  0.511852  0.094386  0.000000 -0.000000  0.099778 -0.541093 ) 
 (  0.000000  0.000000 -0.473236  0.449900 -0.000000  0.000000 ) 
     freq (    6) =      14.323536 [THz] =     477.781729 [cm-1]
 (  0.000000  0.000000 -0.528259  0.383802  0.000000 -0.000000 ) 
 (  0.000000 -0.520482 -0.000000  0.000000  0.550215  0.000000 ) 
 **************************************************************************
