Dynamical matrix file
Phonons on a uniform q-grid                                                
  1    2   2  10.2000000   0.0000000   0.0000000   0.0000000   0.0000000   0.0000000
           1  'Si  '    25598.3672898282     
    1    1      0.0000000000      0.0000000000      0.0000000000
    2    1      0.2500000000      0.2500000000      0.2500000000

     Dynamical  Matrix in cartesian axes

     q = (    1.000000000   0.700000000   0.000000000 ) 

    1    1
  0.27374785   0.00000000    -0.00000000   0.00000000     0.00000000   0.01959749
 -0.00000000   0.00000000     0.26391372   0.00000000     0.00000000   0.00000000
  0.00000000  -0.01959749    -0.00000000   0.00000000     0.33896161   0.00000000
    1    2
  0.00000000  -0.00000000    -0.15937940  -0.08120786     0.00000000  -0.00000000
 -0.15937940  -0.08120786     0.00000000   0.00000000    -0.03903074   0.07660215
  0.00000000  -0.00000000    -0.03903074   0.07660215     0.00000000  -0.00000000
    2    1
  0.00000000   0.00000000    -0.15937940   0.08120786     0.00000000   0.00000000
 -0.15937940   0.08120786     0.00000000  -0.00000000    -0.03903074  -0.07660215
  0.00000000   0.00000000    -0.03903074  -0.07660215     0.00000000   0.00000000
    2    2
  0.27374785   0.00000000    -0.00000000   0.00000000     0.00000000  -0.01959749
 -0.00000000   0.00000000     0.26391372   0.00000000     0.00000000   0.00000000
  0.00000000   0.01959749    -0.00000000   0.00000000     0.33896161   0.00000000

     Dynamical  Matrix in cartesian axes

     q = (    0.000000000  -0.700000000   1.000000000 ) 

    1    1
  0.33896161   0.00000000    -0.00000000   0.00000000     0.00000000   0.01959749
  0.00000000   0.00000000     0.26391372   0.00000000     0.00000000   0.00000000
 -0.00000000  -0.01959749     0.00000000   0.00000000     0.27374785   0.00000000
    1    2
  0.00000000   0.00000000    -0.03903074  -0.07660215     0.00000000   0.00000000
 -0.03903074  -0.07660215     0.00000000   0.00000000    -0.15937940   0.08120786
  0.00000000   0.00000000    -0.15937940   0.08120786     0.00000000   0.00000000
    2    1
  0.00000000   0.00000000    -0.03903074   0.07660215     0.00000000  -0.00000000
 -0.03903074   0.07660215     0.00000000  -0.00000000    -0.15937940  -0.08120786
  0.00000000   0.00000000    -0.15937940  -0.08120786     0.00000000  -0.00000000
    2    2
  0.33896161   0.00000000    -0.00000000   0.00000000     0.00000000  -0.01959749
  0.00000000   0.00000000     0.26391372   0.00000000     0.00000000   0.00000000
 -0.00000000   0.01959749     0.00000000   0.00000000     0.27374785   0.00000000

     Dynamical  Matrix in cartesian axes

     q = (   -1.000000000  -0.700000000   0.000000000 ) 

    1    1
  0.27374785   0.00000000    -0.00000000   0.00000000     0.00000000  -0.01959749
 -0.00000000   0.00000000     0.26391372   0.00000000     0.00000000   0.00000000
  0.00000000   0.01959749    -0.00000000   0.00000000     0.33896161   0.00000000
    1    2
  0.00000000   0.00000000    -0.15937940   0.08120786     0.00000000   0.00000000
 -0.15937940   0.08120786     0.00000000  -0.00000000    -0.03903074  -0.07660215
  0.00000000   0.00000000    -0.03903074  -0.07660215     0.00000000   0.00000000
    2    1
  0.00000000   0.00000000    -0.15937940  -0.08120786     0.00000000   0.00000000
 -0.15937940  -0.08120786     0.00000000   0.00000000    -0.03903074   0.07660215
  0.00000000   0.00000000    -0.03903074   0.07660215     0.00000000   0.00000000
    2    2
  0.27374785   0.00000000    -0.00000000   0.00000000     0.00000000   0.01959749
 -0.00000000   0.00000000     0.26391372   0.00000000     0.00000000   0.00000000
  0.00000000  -0.01959749    -0.00000000   0.00000000     0.33896161   0.00000000

     Dynamical  Matrix in cartesian axes

     q = (   -1.000000000   0.000000000   0.700000000 ) 

    1    1
  0.27374785   0.00000000     0.00000000   0.01959749     0.00000000   0.00000000
 -0.00000000  -0.01959749     0.33896161   0.00000000     0.00000000   0.00000000
 -0.00000000   0.00000000     0.00000000   0.00000000     0.26391372   0.00000000
    1    2
 -0.00000000   0.00000000    -0.00000000  -0.00000000    -0.15937940  -0.08120786
 -0.00000000  -0.00000000    -0.00000000  -0.00000000    -0.03903074   0.07660215
 -0.15937940  -0.08120786    -0.03903074   0.07660215    -0.00000000   0.00000000
    2    1
 -0.00000000  -0.00000000    -0.00000000   0.00000000    -0.15937940   0.08120786
 -0.00000000   0.00000000    -0.00000000   0.00000000    -0.03903074  -0.07660215
 -0.15937940   0.08120786    -0.03903074  -0.07660215    -0.00000000  -0.00000000
    2    2
  0.27374785   0.00000000     0.00000000  -0.01959749     0.00000000   0.00000000
 -0.00000000   0.01959749     0.33896161   0.00000000     0.00000000   0.00000000
 -0.00000000   0.00000000     0.00000000   0.00000000     0.26391372   0.00000000

     Dynamical  Matrix in cartesian axes

     q = (   -1.000000000   0.000000000  -0.700000000 ) 

    1    1
  0.27374785   0.00000000    -0.00000000  -0.01959749     0.00000000   0.00000000
 -0.00000000   0.01959749     0.33896161   0.00000000     0.00000000   0.00000000
  0.00000000   0.00000000    -0.00000000   0.00000000     0.26391372   0.00000000
    1    2
 -0.00000000  -0.00000000    -0.00000000  -0.00000000    -0.15937940   0.08120786
  0.00000000   0.00000000     0.00000000  -0.00000000    -0.03903074  -0.07660215
 -0.15937940   0.08120786    -0.03903074  -0.07660215     0.00000000  -0.00000000
    2    1
 -0.00000000   0.00000000    -0.00000000   0.00000000    -0.15937940  -0.08120786
  0.00000000  -0.00000000     0.00000000   0.00000000    -0.03903074   0.07660215
 -0.15937940  -0.08120786    -0.03903074   0.07660215     0.00000000   0.00000000
    2    2
  0.27374785   0.00000000    -0.00000000   0.01959749     0.00000000   0.00000000
 -0.00000000  -0.01959749     0.33896161   0.00000000     0.00000000   0.00000000
  0.00000000   0.00000000    -0.00000000   0.00000000     0.26391372   0.00000000

     Dynamical  Matrix in cartesian axes

     q = (    0.700000000   1.000000000   0.000000000 ) 

    1    1
  0.26391372   0.00000000    -0.00000000   0.00000000     0.00000000   0.00000000
 -0.00000000   0.00000000     0.27374785   0.00000000     0.00000000   0.01959749
  0.00000000   0.00000000    -0.00000000  -0.01959749     0.33896161   0.00000000
    1    2
  0.00000000  -0.00000000    -0.15937940  -0.08120786    -0.03903074   0.07660215
 -0.15937940  -0.08120786     0.00000000  -0.00000000     0.00000000   0.00000000
 -0.03903074   0.07660215     0.00000000   0.00000000     0.00000000  -0.00000000
    2    1
  0.00000000   0.00000000    -0.15937940   0.08120786    -0.03903074  -0.07660215
 -0.15937940   0.08120786     0.00000000   0.00000000     0.00000000  -0.00000000
 -0.03903074  -0.07660215     0.00000000  -0.00000000     0.00000000   0.00000000
    2    2
  0.26391372   0.00000000    -0.00000000   0.00000000     0.00000000   0.00000000
 -0.00000000   0.00000000     0.27374785   0.00000000     0.00000000  -0.01959749
  0.00000000   0.00000000    -0.00000000   0.01959749     0.33896161   0.00000000

     Dynamical  Matrix in cartesian axes

     q = (   -0.700000000   0.000000000  -1.000000000 ) 

    1    1
  0.26391372   0.00000000    -0.00000000   0.00000000     0.00000000   0.00000000
 -0.00000000   0.00000000     0.33896161   0.00000000     0.00000000   0.01959749
  0.00000000   0.00000000    -0.00000000  -0.01959749     0.27374785   0.00000000
    1    2
  0.00000000   0.00000000    -0.03903074  -0.07660215    -0.15937940   0.08120786
 -0.03903074  -0.07660215    -0.00000000   0.00000000    -0.00000000  -0.00000000
 -0.15937940   0.08120786     0.00000000  -0.00000000     0.00000000   0.00000000
    2    1
  0.00000000  -0.00000000    -0.03903074   0.07660215    -0.15937940  -0.08120786
 -0.03903074   0.07660215    -0.00000000  -0.00000000    -0.00000000   0.00000000
 -0.15937940  -0.08120786     0.00000000   0.00000000     0.00000000  -0.00000000
    2    2
  0.26391372   0.00000000    -0.00000000   0.00000000     0.00000000   0.00000000
 -0.00000000   0.00000000     0.33896161   0.00000000     0.00000000  -0.01959749
  0.00000000   0.00000000    -0.00000000   0.01959749     0.27374785   0.00000000

     Dynamical  Matrix in cartesian axes

     q = (    0.700000000   0.000000000  -1.000000000 ) 

    1    1
  0.26391372   0.00000000    -0.00000000   0.00000000     0.00000000   0.00000000
 -0.00000000   0.00000000     0.33896161   0.00000000     0.00000000  -0.01959749
  0.00000000   0.00000000    -0.00000000   0.01959749     0.27374785   0.00000000
    1    2
  0.00000000  -0.00000000    -0.03903074   0.07660215    -0.15937940  -0.08120786
 -0.03903074   0.07660215    -0.00000000  -0.00000000    -0.00000000   0.00000000
 -0.15937940  -0.08120786     0.00000000   0.00000000     0.00000000  -0.00000000
    2    1
  0.00000000   0.00000000    -0.03903074  -0.07660215    -0.15937940   0.08120786
 -0.03903074  -0.07660215    -0.00000000   0.00000000    -0.00000000  -0.00000000
 -0.15937940   0.08120786     0.00000000  -0.00000000     0.00000000   0.00000000
    2    2
  0.26391372   0.00000000    -0.00000000   0.00000000     0.00000000   0.00000000
 -0.00000000   0.00000000     0.33896161   0.00000000     0.00000000   0.01959749
  0.00000000   0.00000000    -0.00000000  -0.01959749     0.27374785   0.00000000

     Dynamical  Matrix in cartesian axes

     q = (   -0.000000000  -1.000000000  -0.700000000 ) 

    1    1
  0.33896161   0.00000000    -0.00000000   0.01959749     0.00000000   0.00000000
  0.00000000  -0.01959749     0.27374785   0.00000000     0.00000000   0.00000000
 -0.00000000   0.00000000     0.00000000   0.00000000     0.26391372   0.00000000
    1    2
  0.00000000  -0.00000000     0.00000000   0.00000000    -0.03903074  -0.07660215
  0.00000000   0.00000000     0.00000000   0.00000000    -0.15937940   0.08120786
 -0.03903074  -0.07660215    -0.15937940   0.08120786    -0.00000000   0.00000000
    2    1
  0.00000000   0.00000000     0.00000000  -0.00000000    -0.03903074   0.07660215
  0.00000000  -0.00000000     0.00000000  -0.00000000    -0.15937940  -0.08120786
 -0.03903074   0.07660215    -0.15937940  -0.08120786    -0.00000000  -0.00000000
    2    2
  0.33896161   0.00000000    -0.00000000  -0.01959749     0.00000000   0.00000000
  0.00000000   0.01959749     0.27374785   0.00000000     0.00000000   0.00000000
 -0.00000000   0.00000000     0.00000000   0.00000000     0.26391372   0.00000000

     Dynamical  Matrix in cartesian axes

     q = (    0.000000000  -1.000000000   0.700000000 ) 

    1    1
  0.33896161   0.00000000    -0.00000000  -0.01959749     0.00000000   0.00000000
  0.00000000   0.01959749     0.27374785   0.00000000     0.00000000   0.00000000
 -0.00000000   0.00000000     0.00000000   0.00000000     0.26391372   0.00000000
    1    2
 -0.00000000   0.00000000     0.00000000  -0.00000000    -0.03903074   0.07660215
 -0.00000000  -0.00000000     0.00000000   0.00000000    -0.15937940  -0.08120786
 -0.03903074   0.07660215    -0.15937940  -0.08120786    -0.00000000   0.00000000
    2    1
 -0.00000000  -0.00000000     0.00000000   0.00000000    -0.03903074  -0.07660215
 -0.00000000   0.00000000     0.00000000  -0.00000000    -0.15937940   0.08120786
 -0.03903074  -0.07660215    -0.15937940   0.08120786    -0.00000000  -0.00000000
    2    2
  0.33896161   0.00000000    -0.00000000   0.01959749     0.00000000   0.00000000
  0.00000000  -0.01959749     0.27374785   0.00000000     0.00000000   0.00000000
 -0.00000000   0.00000000     0.00000000   0.00000000     0.26391372   0.00000000

     Dynamical  Matrix in cartesian axes

     q = (    0.000000000   0.700000000   1.000000000 ) 

    1    1
  0.33896161   0.00000000    -0.00000000   0.00000000     0.00000000  -0.01959749
 -0.00000000   0.00000000     0.26391372   0.00000000     0.00000000   0.00000000
  0.00000000   0.01959749    -0.00000000   0.00000000     0.27374785   0.00000000
    1    2
  0.00000000   0.00000000    -0.03903074   0.07660215     0.00000000   0.00000000
 -0.03903074   0.07660215     0.00000000   0.00000000    -0.15937940  -0.08120786
  0.00000000   0.00000000    -0.15937940  -0.08120786     0.00000000   0.00000000
    2    1
  0.00000000   0.00000000    -0.03903074  -0.07660215     0.00000000   0.00000000
 -0.03903074  -0.07660215     0.00000000   0.00000000    -0.15937940   0.08120786
  0.00000000   0.00000000    -0.15937940   0.08120786     0.00000000   0.00000000
    2    2
  0.33896161   0.00000000    -0.00000000   0.00000000     0.00000000   0.01959749
 -0.00000000   0.00000000     0.26391372   0.00000000     0.00000000   0.00000000
  0.00000000  -0.01959749    -0.00000000   0.00000000     0.27374785   0.00000000

     Dynamical  Matrix in cartesian axes

     q = (   -0.700000000  -1.000000000   0.000000000 ) 

    1    1
  0.26391372   0.00000000    -0.00000000   0.00000000     0.00000000   0.00000000
 -0.00000000   0.00000000     0.27374785   0.00000000     0.00000000  -0.01959749
  0.00000000   0.00000000    -0.00000000   0.01959749     0.33896161   0.00000000
    1    2
  0.00000000   0.00000000    -0.15937940   0.08120786    -0.03903074  -0.07660215
 -0.15937940   0.08120786     0.00000000   0.00000000     0.00000000  -0.00000000
 -0.03903074  -0.07660215     0.00000000  -0.00000000     0.00000000   0.00000000
    2    1
  0.00000000  -0.00000000    -0.15937940  -0.08120786    -0.03903074   0.07660215
 -0.15937940  -0.08120786     0.00000000  -0.00000000     0.00000000   0.00000000
 -0.03903074   0.07660215     0.00000000   0.00000000     0.00000000  -0.00000000
    2    2
  0.26391372   0.00000000    -0.00000000   0.00000000     0.00000000   0.00000000
 -0.00000000   0.00000000     0.27374785   0.00000000     0.00000000   0.01959749
  0.00000000   0.00000000    -0.00000000  -0.01959749     0.33896161   0.00000000

     Diagonalizing the dynamical matrix

     q = (    1.000000000   0.700000000   0.000000000 ) 

 **************************************************************************
     freq (    1) =       5.832092 [THz] =     194.537651 [cm-1]
 ( -0.013303  0.057240  0.330007 -0.647676  0.016846  0.003915 ) 
 ( -0.000000 -0.653170  0.015729  0.063480  0.192226  0.000000 ) 
     freq (    2) =       5.832092 [THz] =     194.537651 [cm-1]
 (  0.147859 -0.636214  0.029691 -0.058272 -0.187236 -0.043515 ) 
 (  0.000000 -0.058766 -0.174825 -0.705567  0.017295  0.000000 ) 
     freq (    3) =      11.443914 [THz] =     381.727887 [cm-1]
 ( -0.000007 -0.000055 -0.085466  0.167736  0.000102 -0.000013 ) 
 ( -0.000000 -0.464216  0.000013  0.000018 -0.865485  0.000000 ) 
     freq (    4) =      11.443914 [THz] =     381.727887 [cm-1]
 (  0.057777  0.460606 -0.000010  0.000020 -0.858755  0.107719 ) 
 (  0.000000 -0.000055 -0.105678 -0.155794 -0.000102  0.000000 ) 
     freq (    5) =      14.340928 [THz] =     478.361876 [cm-1]
 ( -0.244895  0.196116  0.253562 -0.497643  0.152279  0.190155 ) 
 (  0.000000  0.505949  0.142589 -0.315628 -0.392858  0.000000 ) 
     freq (    6) =      14.340928 [THz] =     478.361876 [cm-1]
 (  0.394923 -0.316260  0.157236 -0.308593 -0.245569 -0.306649 ) 
 ( -0.000000  0.313743 -0.229942  0.508988 -0.243615  0.000000 ) 
 **************************************************************************
