Dynamical matrix file
Phonons on a uniform q-grid                                                
  1    2   2  10.2000000   0.0000000   0.0000000   0.0000000   0.0000000   0.0000000
           1  'Si  '    25598.3672898282     
    1    1      0.0000000000      0.0000000000      0.0000000000
    2    1      0.2500000000      0.2500000000      0.2500000000

     Dynamical  Matrix in cartesian axes

     q = (    1.000000000   0.600000000   0.000000000 ) 

    1    1
  0.28105077  -0.00000000     0.00000000   0.00000000     0.00000000   0.01869606
  0.00000000   0.00000000     0.26127516  -0.00000000     0.00000000   0.00000000
  0.00000000  -0.01869606     0.00000000   0.00000000     0.32146776  -0.00000000
    1    2
  0.00000000   0.00000000    -0.12720800  -0.09242202    -0.00000000   0.00000000
 -0.12720800  -0.09242202     0.00000000   0.00000000    -0.06748301   0.09288240
  0.00000000   0.00000000    -0.06748301   0.09288240    -0.00000000   0.00000000
    2    1
  0.00000000  -0.00000000    -0.12720800   0.09242202     0.00000000  -0.00000000
 -0.12720800   0.09242202     0.00000000  -0.00000000    -0.06748301  -0.09288240
  0.00000000  -0.00000000    -0.06748301  -0.09288240     0.00000000  -0.00000000
    2    2
  0.28105077  -0.00000000     0.00000000   0.00000000     0.00000000  -0.01869606
  0.00000000   0.00000000     0.26127516  -0.00000000     0.00000000   0.00000000
  0.00000000   0.01869606     0.00000000   0.00000000     0.32146776  -0.00000000

     Dynamical  Matrix in cartesian axes

     q = (    0.000000000  -0.600000000   1.000000000 ) 

    1    1
  0.32146776  -0.00000000     0.00000000   0.00000000     0.00000000   0.01869606
  0.00000000   0.00000000     0.26127516  -0.00000000     0.00000000   0.00000000
  0.00000000  -0.01869606     0.00000000   0.00000000     0.28105077  -0.00000000
    1    2
  0.00000000   0.00000000    -0.06748301  -0.09288240     0.00000000   0.00000000
 -0.06748301  -0.09288240     0.00000000   0.00000000    -0.12720800   0.09242202
  0.00000000   0.00000000    -0.12720800   0.09242202     0.00000000   0.00000000
    2    1
 -0.00000000   0.00000000    -0.06748301   0.09288240    -0.00000000   0.00000000
 -0.06748301   0.09288240    -0.00000000  -0.00000000    -0.12720800  -0.09242202
 -0.00000000   0.00000000    -0.12720800  -0.09242202    -0.00000000   0.00000000
    2    2
  0.32146776  -0.00000000     0.00000000   0.00000000     0.00000000  -0.01869606
  0.00000000   0.00000000     0.26127516  -0.00000000     0.00000000   0.00000000
  0.00000000   0.01869606     0.00000000   0.00000000     0.28105077  -0.00000000

     Dynamical  Matrix in cartesian axes

     q = (    1.000000000  -0.600000000   0.000000000 ) 

    1    1
  0.28105077  -0.00000000     0.00000000   0.00000000     0.00000000  -0.01869606
  0.00000000   0.00000000     0.26127516  -0.00000000     0.00000000   0.00000000
  0.00000000   0.01869606     0.00000000   0.00000000     0.32146776  -0.00000000
    1    2
  0.00000000   0.00000000    -0.12720800   0.09242202     0.00000000  -0.00000000
 -0.12720800   0.09242202    -0.00000000  -0.00000000    -0.06748301  -0.09288240
  0.00000000   0.00000000    -0.06748301  -0.09288240     0.00000000  -0.00000000
    2    1
  0.00000000   0.00000000    -0.12720800  -0.09242202     0.00000000   0.00000000
 -0.12720800  -0.09242202    -0.00000000   0.00000000    -0.06748301   0.09288240
  0.00000000   0.00000000    -0.06748301   0.09288240     0.00000000   0.00000000
    2    2
  0.28105077  -0.00000000     0.00000000   0.00000000     0.00000000   0.01869606
  0.00000000   0.00000000     0.26127516  -0.00000000     0.00000000   0.00000000
  0.00000000  -0.01869606     0.00000000   0.00000000     0.32146776  -0.00000000

     Dynamical  Matrix in cartesian axes

     q = (   -1.000000000   0.000000000   0.600000000 ) 

    1    1
  0.28105077   0.00000000     0.00000000   0.01869606     0.00000000   0.00000000
  0.00000000  -0.01869606     0.32146776   0.00000000     0.00000000  -0.00000000
  0.00000000   0.00000000     0.00000000  -0.00000000     0.26127516   0.00000000
    1    2
 -0.00000000   0.00000000     0.00000000  -0.00000000    -0.12720800  -0.09242202
 -0.00000000   0.00000000     0.00000000  -0.00000000    -0.06748301   0.09288240
 -0.12720800  -0.09242202    -0.06748301   0.09288240     0.00000000   0.00000000
    2    1
 -0.00000000   0.00000000    -0.00000000  -0.00000000    -0.12720800   0.09242202
  0.00000000  -0.00000000     0.00000000  -0.00000000    -0.06748301  -0.09288240
 -0.12720800   0.09242202    -0.06748301  -0.09288240     0.00000000   0.00000000
    2    2
  0.28105077  -0.00000000     0.00000000  -0.01869606     0.00000000  -0.00000000
  0.00000000   0.01869606     0.32146776  -0.00000000     0.00000000   0.00000000
  0.00000000  -0.00000000     0.00000000   0.00000000     0.26127516  -0.00000000

     Dynamical  Matrix in cartesian axes

     q = (   -1.000000000   0.000000000  -0.600000000 ) 

    1    1
  0.28105077  -0.00000000     0.00000000  -0.01869606     0.00000000  -0.00000000
  0.00000000   0.01869606     0.32146776  -0.00000000     0.00000000   0.00000000
  0.00000000  -0.00000000     0.00000000   0.00000000     0.26127516  -0.00000000
    1    2
  0.00000000  -0.00000000     0.00000000   0.00000000    -0.12720800   0.09242202
  0.00000000  -0.00000000    -0.00000000  -0.00000000    -0.06748301  -0.09288240
 -0.12720800   0.09242202    -0.06748301  -0.09288240     0.00000000  -0.00000000
    2    1
 -0.00000000   0.00000000    -0.00000000  -0.00000000    -0.12720800  -0.09242202
 -0.00000000  -0.00000000    -0.00000000   0.00000000    -0.06748301   0.09288240
 -0.12720800  -0.09242202    -0.06748301   0.09288240    -0.00000000  -0.00000000
    2    2
  0.28105077   0.00000000     0.00000000   0.01869606     0.00000000   0.00000000
  0.00000000  -0.01869606     0.32146776   0.00000000     0.00000000  -0.00000000
  0.00000000   0.00000000     0.00000000  -0.00000000     0.26127516   0.00000000

     Dynamical  Matrix in cartesian axes

     q = (    0.600000000   0.000000000   1.000000000 ) 

    1    1
  0.26127516  -0.00000000     0.00000000   0.00000000     0.00000000  -0.00000000
  0.00000000   0.00000000     0.32146776  -0.00000000     0.00000000  -0.01869606
  0.00000000  -0.00000000     0.00000000   0.01869606     0.28105077  -0.00000000
    1    2
 -0.00000000   0.00000000    -0.06748301   0.09288240    -0.12720800  -0.09242202
 -0.06748301   0.09288240     0.00000000   0.00000000     0.00000000  -0.00000000
 -0.12720800  -0.09242202     0.00000000  -0.00000000     0.00000000   0.00000000
    2    1
 -0.00000000  -0.00000000    -0.06748301  -0.09288240    -0.12720800   0.09242202
 -0.06748301  -0.09288240     0.00000000  -0.00000000    -0.00000000   0.00000000
 -0.12720800   0.09242202    -0.00000000   0.00000000     0.00000000  -0.00000000
    2    2
  0.26127516  -0.00000000     0.00000000   0.00000000     0.00000000  -0.00000000
  0.00000000   0.00000000     0.32146776  -0.00000000     0.00000000   0.01869606
  0.00000000  -0.00000000     0.00000000  -0.01869606     0.28105077  -0.00000000

     Dynamical  Matrix in cartesian axes

     q = (   -0.600000000   0.000000000  -1.000000000 ) 

    1    1
  0.26127516  -0.00000000     0.00000000  -0.00000000     0.00000000  -0.00000000
  0.00000000   0.00000000     0.32146776   0.00000000     0.00000000   0.01869606
  0.00000000  -0.00000000     0.00000000  -0.01869606     0.28105077  -0.00000000
    1    2
  0.00000000   0.00000000    -0.06748301  -0.09288240    -0.12720800   0.09242202
 -0.06748301  -0.09288240     0.00000000   0.00000000    -0.00000000  -0.00000000
 -0.12720800   0.09242202    -0.00000000  -0.00000000     0.00000000   0.00000000
    2    1
 -0.00000000   0.00000000    -0.06748301   0.09288240    -0.12720800  -0.09242202
 -0.06748301   0.09288240     0.00000000   0.00000000     0.00000000  -0.00000000
 -0.12720800  -0.09242202     0.00000000  -0.00000000    -0.00000000   0.00000000
    2    2
  0.26127516  -0.00000000     0.00000000   0.00000000     0.00000000  -0.00000000
  0.00000000   0.00000000     0.32146776  -0.00000000     0.00000000  -0.01869606
  0.00000000  -0.00000000     0.00000000   0.01869606     0.28105077  -0.00000000

     Dynamical  Matrix in cartesian axes

     q = (    0.000000000   1.000000000   0.600000000 ) 

    1    1
  0.32146776   0.00000000     0.00000000  -0.01869606     0.00000000   0.00000000
  0.00000000   0.01869606     0.28105077   0.00000000     0.00000000   0.00000000
  0.00000000   0.00000000     0.00000000  -0.00000000     0.26127516  -0.00000000
    1    2
  0.00000000   0.00000000     0.00000000   0.00000000    -0.06748301   0.09288240
  0.00000000  -0.00000000     0.00000000  -0.00000000    -0.12720800  -0.09242202
 -0.06748301   0.09288240    -0.12720800  -0.09242202     0.00000000   0.00000000
    2    1
 -0.00000000   0.00000000    -0.00000000   0.00000000    -0.06748301  -0.09288240
 -0.00000000   0.00000000    -0.00000000   0.00000000    -0.12720800   0.09242202
 -0.06748301  -0.09288240    -0.12720800   0.09242202    -0.00000000  -0.00000000
    2    2
  0.32146776  -0.00000000     0.00000000   0.01869606     0.00000000  -0.00000000
  0.00000000  -0.01869606     0.28105077  -0.00000000     0.00000000   0.00000000
  0.00000000  -0.00000000     0.00000000   0.00000000     0.26127516  -0.00000000

     Dynamical  Matrix in cartesian axes

     q = (    0.000000000  -1.000000000  -0.600000000 ) 

    1    1
  0.32146776  -0.00000000     0.00000000   0.01869606     0.00000000  -0.00000000
  0.00000000  -0.01869606     0.28105077  -0.00000000     0.00000000   0.00000000
  0.00000000  -0.00000000     0.00000000   0.00000000     0.26127516  -0.00000000
    1    2
 -0.00000000  -0.00000000     0.00000000  -0.00000000    -0.06748301  -0.09288240
 -0.00000000  -0.00000000     0.00000000  -0.00000000    -0.12720800   0.09242202
 -0.06748301  -0.09288240    -0.12720800   0.09242202     0.00000000  -0.00000000
    2    1
  0.00000000   0.00000000     0.00000000  -0.00000000    -0.06748301   0.09288240
  0.00000000   0.00000000     0.00000000   0.00000000    -0.12720800  -0.09242202
 -0.06748301   0.09288240    -0.12720800  -0.09242202     0.00000000   0.00000000
    2    2
  0.32146776   0.00000000     0.00000000  -0.01869606     0.00000000   0.00000000
  0.00000000   0.01869606     0.28105077   0.00000000     0.00000000  -0.00000000
  0.00000000   0.00000000     0.00000000  -0.00000000     0.26127516   0.00000000

     Dynamical  Matrix in cartesian axes

     q = (    0.600000000   1.000000000   0.000000000 ) 

    1    1
  0.26127516  -0.00000000     0.00000000   0.00000000     0.00000000  -0.00000000
  0.00000000   0.00000000     0.28105077  -0.00000000     0.00000000   0.01869606
  0.00000000  -0.00000000     0.00000000  -0.01869606     0.32146776  -0.00000000
    1    2
 -0.00000000   0.00000000    -0.12720800  -0.09242202    -0.06748301   0.09288240
 -0.12720800  -0.09242202     0.00000000   0.00000000     0.00000000  -0.00000000
 -0.06748301   0.09288240     0.00000000  -0.00000000     0.00000000   0.00000000
    2    1
  0.00000000  -0.00000000    -0.12720800   0.09242202    -0.06748301  -0.09288240
 -0.12720800   0.09242202     0.00000000   0.00000000     0.00000000   0.00000000
 -0.06748301  -0.09288240    -0.00000000   0.00000000     0.00000000   0.00000000
    2    2
  0.26127516  -0.00000000     0.00000000   0.00000000     0.00000000  -0.00000000
  0.00000000   0.00000000     0.28105077  -0.00000000     0.00000000  -0.01869606
  0.00000000  -0.00000000     0.00000000   0.01869606     0.32146776  -0.00000000

     Dynamical  Matrix in cartesian axes

     q = (   -0.600000000  -1.000000000   0.000000000 ) 

    1    1
  0.26127516  -0.00000000     0.00000000   0.00000000     0.00000000  -0.00000000
  0.00000000   0.00000000     0.28105077  -0.00000000     0.00000000  -0.01869606
  0.00000000  -0.00000000     0.00000000   0.01869606     0.32146776  -0.00000000
    1    2
  0.00000000  -0.00000000    -0.12720800   0.09242202    -0.06748301  -0.09288240
 -0.12720800   0.09242202     0.00000000   0.00000000     0.00000000   0.00000000
 -0.06748301  -0.09288240    -0.00000000   0.00000000     0.00000000   0.00000000
    2    1
  0.00000000   0.00000000    -0.12720800  -0.09242202    -0.06748301   0.09288240
 -0.12720800  -0.09242202     0.00000000   0.00000000     0.00000000  -0.00000000
 -0.06748301   0.09288240     0.00000000  -0.00000000     0.00000000   0.00000000
    2    2
  0.26127516  -0.00000000     0.00000000   0.00000000     0.00000000  -0.00000000
  0.00000000   0.00000000     0.28105077  -0.00000000     0.00000000   0.01869606
  0.00000000  -0.00000000     0.00000000  -0.01869606     0.32146776  -0.00000000

     Dynamical  Matrix in cartesian axes

     q = (    0.000000000   0.600000000  -1.000000000 ) 

    1    1
  0.32146776   0.00000000     0.00000000   0.00000000     0.00000000  -0.01869606
  0.00000000  -0.00000000     0.26127516  -0.00000000     0.00000000   0.00000000
  0.00000000   0.01869606     0.00000000   0.00000000     0.28105077  -0.00000000
    1    2
  0.00000000   0.00000000    -0.06748301   0.09288240     0.00000000   0.00000000
 -0.06748301   0.09288240     0.00000000  -0.00000000    -0.12720800  -0.09242202
  0.00000000   0.00000000    -0.12720800  -0.09242202     0.00000000   0.00000000
    2    1
 -0.00000000   0.00000000    -0.06748301  -0.09288240    -0.00000000   0.00000000
 -0.06748301  -0.09288240    -0.00000000   0.00000000    -0.12720800   0.09242202
 -0.00000000   0.00000000    -0.12720800   0.09242202    -0.00000000   0.00000000
    2    2
  0.32146776  -0.00000000     0.00000000   0.00000000     0.00000000   0.01869606
  0.00000000   0.00000000     0.26127516  -0.00000000     0.00000000   0.00000000
  0.00000000  -0.01869606     0.00000000   0.00000000     0.28105077  -0.00000000

     Diagonalizing the dynamical matrix

     q = (    1.000000000   0.600000000   0.000000000 ) 

 **************************************************************************
     freq (    1) =       6.146100 [THz] =     205.011833 [cm-1]
 ( -0.507894 -0.095479  0.200963 -0.276602 -0.053003  0.281948 ) 
 (  0.000000 -0.266022 -0.600222  0.284406  0.147677  0.000000 ) 
     freq (    2) =       6.146100 [THz] =     205.011833 [cm-1]
 (  0.261443  0.049149  0.390403 -0.537344  0.027284 -0.145135 ) 
 (  0.000000 -0.516790  0.308969 -0.146400  0.286886  0.000000 ) 
     freq (    3) =      11.056926 [THz] =     368.819366 [cm-1]
 (  0.004934 -0.018753  0.073378 -0.100996  0.024734  0.006507 ) 
 ( -0.000000  0.599115  0.001465  0.003765  0.790209  0.000000 ) 
     freq (    4) =      11.056926 [THz] =     368.819366 [cm-1]
 (  0.152435 -0.579399 -0.002375  0.003269  0.764203  0.201056 ) 
 (  0.000000 -0.019391  0.045266  0.116342 -0.025575  0.000000 ) 
     freq (    5) =      14.324252 [THz] =     477.805599 [cm-1]
 (  0.000000  0.000000 -0.383798  0.528252  0.000000 -0.000000 ) 
 (  0.000000 -0.550313 -0.000000 -0.000000  0.520388  0.000000 ) 
     freq (    6) =      14.324252 [THz] =     477.805599 [cm-1]
 (  0.432367  0.340447  0.000000 -0.000000  0.321934 -0.408855 ) 
 (  0.000000  0.000000 -0.652467 -0.025259 -0.000000  0.000000 ) 
 **************************************************************************
