Dynamical matrix file
Phonons on a uniform q-grid                                                
  1    2   2  10.2000000   0.0000000   0.0000000   0.0000000   0.0000000   0.0000000
           1  'Si  '    25598.3672898282     
    1    1      0.0000000000      0.0000000000      0.0000000000
    2    1      0.2500000000      0.2500000000      0.2500000000

     Dynamical  Matrix in cartesian axes

     q = (    1.000000000   0.300000000   0.000000000 ) 

    1    1
  0.33889703   0.00000000     0.00000000  -0.00000000    -0.00000000   0.01960824
  0.00000000  -0.00000000     0.26387961   0.00000000    -0.00000000  -0.00000000
 -0.00000000  -0.01960824     0.00000000  -0.00000000     0.27374408   0.00000000
    1    2
  0.00000000   0.00000000    -0.03900881  -0.07655910     0.00000000   0.00000000
 -0.03900881  -0.07655910     0.00000000   0.00000000    -0.15940146   0.08121910
  0.00000000   0.00000000    -0.15940146   0.08121910     0.00000000   0.00000000
    2    1
  0.00000000  -0.00000000    -0.03900881   0.07655910     0.00000000  -0.00000000
 -0.03900881   0.07655910     0.00000000  -0.00000000    -0.15940146  -0.08121910
  0.00000000  -0.00000000    -0.15940146  -0.08121910     0.00000000  -0.00000000
    2    2
  0.33889703  -0.00000000     0.00000000  -0.00000000     0.00000000  -0.01960824
  0.00000000   0.00000000     0.26387961   0.00000000    -0.00000000   0.00000000
  0.00000000   0.01960824    -0.00000000  -0.00000000     0.27374408  -0.00000000

     Dynamical  Matrix in cartesian axes

     q = (    1.000000000  -0.300000000   0.000000000 ) 

    1    1
  0.33889703   0.00000000     0.00000000   0.00000000    -0.00000000  -0.01960824
  0.00000000  -0.00000000     0.26387961   0.00000000    -0.00000000   0.00000000
 -0.00000000   0.01960824     0.00000000  -0.00000000     0.27374408  -0.00000000
    1    2
 -0.00000000   0.00000000    -0.03900881   0.07655910    -0.00000000   0.00000000
 -0.03900881   0.07655910    -0.00000000   0.00000000    -0.15940146  -0.08121910
 -0.00000000   0.00000000    -0.15940146  -0.08121910    -0.00000000   0.00000000
    2    1
  0.00000000  -0.00000000    -0.03900881  -0.07655910     0.00000000   0.00000000
 -0.03900881  -0.07655910     0.00000000  -0.00000000    -0.15940146   0.08121910
  0.00000000  -0.00000000    -0.15940146   0.08121910     0.00000000   0.00000000
    2    2
  0.33889703   0.00000000     0.00000000  -0.00000000    -0.00000000   0.01960824
  0.00000000  -0.00000000     0.26387961   0.00000000    -0.00000000  -0.00000000
 -0.00000000  -0.01960824     0.00000000  -0.00000000     0.27374408   0.00000000

     Dynamical  Matrix in cartesian axes

     q = (    1.000000000   0.000000000   0.300000000 ) 

    1    1
  0.33889703  -0.00000000    -0.00000000   0.01960824     0.00000000  -0.00000000
 -0.00000000  -0.01960824     0.27374408  -0.00000000     0.00000000  -0.00000000
  0.00000000  -0.00000000     0.00000000   0.00000000     0.26387961  -0.00000000
    1    2
  0.00000000  -0.00000000    -0.00000000   0.00000000    -0.03900881  -0.07655910
  0.00000000   0.00000000     0.00000000   0.00000000    -0.15940146   0.08121910
 -0.03900881  -0.07655910    -0.15940146   0.08121910    -0.00000000   0.00000000
    2    1
  0.00000000   0.00000000     0.00000000  -0.00000000    -0.03900881   0.07655910
  0.00000000   0.00000000     0.00000000  -0.00000000    -0.15940146  -0.08121910
 -0.03900881   0.07655910    -0.15940146  -0.08121910     0.00000000  -0.00000000
    2    2
  0.33889703   0.00000000     0.00000000  -0.01960824    -0.00000000   0.00000000
  0.00000000   0.01960824     0.27374408   0.00000000    -0.00000000   0.00000000
  0.00000000   0.00000000     0.00000000  -0.00000000     0.26387961  -0.00000000

     Dynamical  Matrix in cartesian axes

     q = (    1.000000000   0.000000000  -0.300000000 ) 

    1    1
  0.33889703   0.00000000     0.00000000  -0.01960824     0.00000000   0.00000000
  0.00000000   0.01960824     0.27374408   0.00000000    -0.00000000   0.00000000
  0.00000000   0.00000000    -0.00000000  -0.00000000     0.26387961  -0.00000000
    1    2
 -0.00000000  -0.00000000     0.00000000   0.00000000    -0.03900881   0.07655910
  0.00000000   0.00000000     0.00000000  -0.00000000    -0.15940146  -0.08121910
 -0.03900881   0.07655910    -0.15940146  -0.08121910    -0.00000000  -0.00000000
    2    1
  0.00000000  -0.00000000    -0.00000000  -0.00000000    -0.03900881  -0.07655910
 -0.00000000  -0.00000000     0.00000000  -0.00000000    -0.15940146   0.08121910
 -0.03900881  -0.07655910    -0.15940146   0.08121910     0.00000000   0.00000000
    2    2
  0.33889703  -0.00000000    -0.00000000   0.01960824     0.00000000  -0.00000000
 -0.00000000  -0.01960824     0.27374408  -0.00000000     0.00000000   0.00000000
  0.00000000  -0.00000000     0.00000000   0.00000000     0.26387961  -0.00000000

     Dynamical  Matrix in cartesian axes

     q = (    0.300000000   1.000000000   0.000000000 ) 

    1    1
  0.26387961   0.00000000     0.00000000   0.00000000     0.00000000  -0.00000000
  0.00000000   0.00000000     0.33889703   0.00000000     0.00000000   0.01960824
  0.00000000   0.00000000     0.00000000  -0.01960824     0.27374408  -0.00000000
    1    2
  0.00000000   0.00000000    -0.03900881  -0.07655910    -0.15940146   0.08121910
 -0.03900881  -0.07655910     0.00000000   0.00000000    -0.00000000   0.00000000
 -0.15940146   0.08121910     0.00000000   0.00000000     0.00000000   0.00000000
    2    1
  0.00000000  -0.00000000    -0.03900881   0.07655910    -0.15940146  -0.08121910
 -0.03900881   0.07655910     0.00000000  -0.00000000     0.00000000   0.00000000
 -0.15940146  -0.08121910     0.00000000   0.00000000     0.00000000  -0.00000000
    2    2
  0.26387961   0.00000000     0.00000000  -0.00000000     0.00000000   0.00000000
  0.00000000  -0.00000000     0.33889703   0.00000000     0.00000000  -0.01960824
  0.00000000   0.00000000     0.00000000   0.01960824     0.27374408   0.00000000

     Dynamical  Matrix in cartesian axes

     q = (   -0.300000000   0.000000000  -1.000000000 ) 

    1    1
  0.26387961   0.00000000     0.00000000  -0.00000000     0.00000000   0.00000000
  0.00000000  -0.00000000     0.27374408   0.00000000     0.00000000   0.01960824
  0.00000000   0.00000000     0.00000000  -0.01960824     0.33889703   0.00000000
    1    2
 -0.00000000  -0.00000000    -0.15940146  -0.08121910    -0.03900881   0.07655910
 -0.15940146  -0.08121910    -0.00000000  -0.00000000     0.00000000   0.00000000
 -0.03900881   0.07655910     0.00000000   0.00000000    -0.00000000  -0.00000000
    2    1
  0.00000000   0.00000000    -0.15940146   0.08121910    -0.03900881  -0.07655910
 -0.15940146   0.08121910    -0.00000000   0.00000000     0.00000000   0.00000000
 -0.03900881  -0.07655910     0.00000000   0.00000000     0.00000000   0.00000000
    2    2
  0.26387961   0.00000000     0.00000000   0.00000000     0.00000000   0.00000000
 -0.00000000   0.00000000     0.27374408   0.00000000     0.00000000  -0.01960824
  0.00000000   0.00000000     0.00000000   0.01960824     0.33889703   0.00000000

     Dynamical  Matrix in cartesian axes

     q = (    0.300000000   0.000000000  -1.000000000 ) 

    1    1
  0.26387961   0.00000000     0.00000000   0.00000000     0.00000000   0.00000000
  0.00000000  -0.00000000     0.27374408   0.00000000     0.00000000  -0.01960824
  0.00000000   0.00000000     0.00000000   0.01960824     0.33889703   0.00000000
    1    2
  0.00000000   0.00000000    -0.15940146   0.08121910    -0.03900881  -0.07655910
 -0.15940146   0.08121910    -0.00000000   0.00000000     0.00000000  -0.00000000
 -0.03900881  -0.07655910     0.00000000  -0.00000000     0.00000000   0.00000000
    2    1
  0.00000000  -0.00000000    -0.15940146  -0.08121910    -0.03900881   0.07655910
 -0.15940146  -0.08121910    -0.00000000  -0.00000000     0.00000000   0.00000000
 -0.03900881   0.07655910     0.00000000   0.00000000     0.00000000  -0.00000000
    2    2
  0.26387961  -0.00000000     0.00000000  -0.00000000     0.00000000  -0.00000000
  0.00000000   0.00000000     0.27374408   0.00000000     0.00000000   0.01960824
  0.00000000  -0.00000000     0.00000000  -0.01960824     0.33889703  -0.00000000

     Dynamical  Matrix in cartesian axes

     q = (    0.000000000  -1.000000000  -0.300000000 ) 

    1    1
  0.27374408   0.00000000     0.00000000   0.01960824    -0.00000000  -0.00000000
 -0.00000000  -0.01960824     0.33889703   0.00000000     0.00000000  -0.00000000
  0.00000000   0.00000000     0.00000000  -0.00000000     0.26387961  -0.00000000
    1    2
  0.00000000  -0.00000000     0.00000000  -0.00000000    -0.15940146  -0.08121910
  0.00000000   0.00000000     0.00000000  -0.00000000    -0.03900881   0.07655910
 -0.15940146  -0.08121910    -0.03900881   0.07655910     0.00000000  -0.00000000
    2    1
  0.00000000   0.00000000     0.00000000   0.00000000    -0.15940146   0.08121910
  0.00000000   0.00000000     0.00000000   0.00000000    -0.03900881  -0.07655910
 -0.15940146   0.08121910    -0.03900881  -0.07655910     0.00000000  -0.00000000
    2    2
  0.27374408  -0.00000000    -0.00000000  -0.01960824     0.00000000   0.00000000
 -0.00000000   0.01960824     0.33889703  -0.00000000     0.00000000   0.00000000
  0.00000000  -0.00000000    -0.00000000   0.00000000     0.26387961  -0.00000000

     Dynamical  Matrix in cartesian axes

     q = (    0.000000000  -1.000000000   0.300000000 ) 

    1    1
  0.27374408  -0.00000000     0.00000000  -0.01960824     0.00000000  -0.00000000
 -0.00000000   0.01960824     0.33889703  -0.00000000     0.00000000   0.00000000
  0.00000000  -0.00000000     0.00000000   0.00000000     0.26387961  -0.00000000
    1    2
  0.00000000   0.00000000    -0.00000000   0.00000000    -0.15940146   0.08121910
 -0.00000000   0.00000000    -0.00000000   0.00000000    -0.03900881  -0.07655910
 -0.15940146   0.08121910    -0.03900881  -0.07655910     0.00000000   0.00000000
    2    1
  0.00000000   0.00000000    -0.00000000   0.00000000    -0.15940146  -0.08121910
  0.00000000   0.00000000    -0.00000000   0.00000000    -0.03900881   0.07655910
 -0.15940146  -0.08121910    -0.03900881   0.07655910     0.00000000   0.00000000
    2    2
  0.27374408  -0.00000000     0.00000000   0.01960824    -0.00000000   0.00000000
 -0.00000000  -0.01960824     0.33889703   0.00000000    -0.00000000  -0.00000000
  0.00000000  -0.00000000     0.00000000  -0.00000000     0.26387961   0.00000000

     Dynamical  Matrix in cartesian axes

     q = (    0.000000000  -0.300000000   1.000000000 ) 

    1    1
  0.27374408  -0.00000000    -0.00000000  -0.00000000     0.00000000   0.01960824
  0.00000000  -0.00000000     0.26387961   0.00000000     0.00000000   0.00000000
  0.00000000  -0.01960824     0.00000000  -0.00000000     0.33889703   0.00000000
    1    2
  0.00000000   0.00000000    -0.15940146  -0.08121910     0.00000000  -0.00000000
 -0.15940146  -0.08121910     0.00000000   0.00000000    -0.03900881   0.07655910
  0.00000000   0.00000000    -0.03900881   0.07655910     0.00000000   0.00000000
    2    1
  0.00000000   0.00000000    -0.15940146   0.08121910     0.00000000   0.00000000
 -0.15940146   0.08121910     0.00000000   0.00000000    -0.03900881  -0.07655910
  0.00000000   0.00000000    -0.03900881  -0.07655910     0.00000000   0.00000000
    2    2
  0.27374408   0.00000000     0.00000000   0.00000000    -0.00000000  -0.01960824
  0.00000000  -0.00000000     0.26387961  -0.00000000    -0.00000000   0.00000000
 -0.00000000   0.01960824     0.00000000   0.00000000     0.33889703  -0.00000000

     Dynamical  Matrix in cartesian axes

     q = (    0.000000000   0.300000000   1.000000000 ) 

    1    1
  0.27374408   0.00000000     0.00000000  -0.00000000     0.00000000  -0.01960824
  0.00000000  -0.00000000     0.26387961   0.00000000     0.00000000  -0.00000000
  0.00000000   0.01960824     0.00000000  -0.00000000     0.33889703   0.00000000
    1    2
  0.00000000   0.00000000    -0.15940146   0.08121910     0.00000000  -0.00000000
 -0.15940146   0.08121910    -0.00000000   0.00000000    -0.03900881  -0.07655910
  0.00000000   0.00000000    -0.03900881  -0.07655910     0.00000000  -0.00000000
    2    1
  0.00000000   0.00000000    -0.15940146  -0.08121910     0.00000000  -0.00000000
 -0.15940146  -0.08121910     0.00000000   0.00000000    -0.03900881   0.07655910
  0.00000000   0.00000000    -0.03900881   0.07655910     0.00000000  -0.00000000
    2    2
  0.27374408   0.00000000     0.00000000   0.00000000     0.00000000   0.01960824
  0.00000000  -0.00000000     0.26387961   0.00000000     0.00000000  -0.00000000
 -0.00000000  -0.01960824     0.00000000  -0.00000000     0.33889703   0.00000000

     Dynamical  Matrix in cartesian axes

     q = (   -0.300000000  -1.000000000   0.000000000 ) 

    1    1
  0.26387961   0.00000000     0.00000000  -0.00000000     0.00000000   0.00000000
  0.00000000  -0.00000000     0.33889703   0.00000000     0.00000000  -0.01960824
 -0.00000000   0.00000000    -0.00000000   0.01960824     0.27374408   0.00000000
    1    2
 -0.00000000  -0.00000000    -0.03900881   0.07655910    -0.15940146  -0.08121910
 -0.03900881   0.07655910     0.00000000  -0.00000000    -0.00000000   0.00000000
 -0.15940146  -0.08121910    -0.00000000   0.00000000     0.00000000  -0.00000000
    2    1
 -0.00000000   0.00000000    -0.03900881  -0.07655910    -0.15940146   0.08121910
 -0.03900881  -0.07655910    -0.00000000   0.00000000    -0.00000000   0.00000000
 -0.15940146   0.08121910     0.00000000   0.00000000     0.00000000   0.00000000
    2    2
  0.26387961   0.00000000     0.00000000   0.00000000    -0.00000000   0.00000000
  0.00000000   0.00000000     0.33889703   0.00000000     0.00000000   0.01960824
  0.00000000   0.00000000     0.00000000  -0.01960824     0.27374408   0.00000000

     Diagonalizing the dynamical matrix

     q = (    1.000000000   0.300000000   0.000000000 ) 

 **************************************************************************
     freq (    1) =       5.831020 [THz] =     194.501905 [cm-1]
 ( -0.144417 -0.127545  0.029033 -0.014793 -0.433705  0.491077 ) 
 ( -0.000000 -0.008611 -0.678159  0.267817  0.029279  0.000000 ) 
     freq (    2) =       5.831020 [THz] =     194.501905 [cm-1]
 ( -0.006454 -0.005700 -0.649657  0.331017 -0.019382  0.021946 ) 
 (  0.000000  0.192676 -0.030306  0.011969 -0.655177  0.000000 ) 
     freq (    3) =      11.443194 [THz] =     381.703872 [cm-1]
 ( -0.013367 -0.761981  0.079508 -0.040512  0.408403 -0.007164 ) 
 ( -0.000000 -0.410539 -0.148891 -0.072603 -0.220039  0.000000 ) 
     freq (    4) =      11.443194 [THz] =     381.703872 [cm-1]
 ( -0.007201 -0.410476 -0.147594  0.075203  0.220005 -0.003859 ) 
 ( -0.000000  0.762098 -0.080207 -0.039111  0.408466  0.000000 ) 
     freq (    5) =      14.340428 [THz] =     478.345196 [cm-1]
 (  0.058245  0.078259  0.572366 -0.291635  0.100868 -0.075072 ) 
 ( -0.000000  0.451607 -0.136799  0.023282 -0.582077  0.000000 ) 
     freq (    6) =      14.340428 [THz] =     478.345196 [cm-1]
 ( -0.269631 -0.362281  0.123641 -0.062998 -0.466945  0.347529 ) 
 ( -0.000000  0.097555  0.633275 -0.107780 -0.125739  0.000000 ) 
 **************************************************************************
