Dynamical matrix file
Phonons on a uniform q-grid                                                
  1    2   2  10.2000000   0.0000000   0.0000000   0.0000000   0.0000000   0.0000000
           1  'Si  '    25598.3672898282     
    1    1      0.0000000000      0.0000000000      0.0000000000
    2    1      0.2500000000      0.2500000000      0.2500000000

     Dynamical  Matrix in cartesian axes

     q = (    1.000000000   0.100000000   0.000000000 ) 

    1    1
  0.35980365   0.00000000     0.00000000   0.00000000     0.00000000   0.01485089
  0.00000000   0.00000000     0.25915903   0.00000000     0.00000000   0.00000000
  0.00000000  -0.01485089     0.00000000   0.00000000     0.26000484  -0.00000000
    1    2
  0.00000000   0.00000000    -0.00310825  -0.01962474     0.00000000  -0.00000000
 -0.00310825  -0.01962474    -0.00000000   0.00000000    -0.20912920   0.03312281
 -0.00000000  -0.00000000    -0.20912920   0.03312281    -0.00000000  -0.00000000
    2    1
  0.00000000  -0.00000000    -0.00310825   0.01962474     0.00000000   0.00000000
 -0.00310825   0.01962474     0.00000000  -0.00000000    -0.20912920  -0.03312281
  0.00000000  -0.00000000    -0.20912920  -0.03312281     0.00000000   0.00000000
    2    2
  0.35980365   0.00000000     0.00000000   0.00000000     0.00000000  -0.01485089
  0.00000000   0.00000000     0.25915903   0.00000000     0.00000000  -0.00000000
 -0.00000000   0.01485089     0.00000000   0.00000000     0.26000484   0.00000000

     Dynamical  Matrix in cartesian axes

     q = (    1.000000000   0.000000000  -0.100000000 ) 

    1    1
  0.35980365   0.00000000    -0.00000000  -0.01485089    -0.00000000   0.00000000
 -0.00000000   0.01485089     0.26000484   0.00000000    -0.00000000  -0.00000000
  0.00000000   0.00000000    -0.00000000  -0.00000000     0.25915903   0.00000000
    1    2
  0.00000000  -0.00000000     0.00000000  -0.00000000    -0.00310825   0.01962474
  0.00000000  -0.00000000     0.00000000   0.00000000    -0.20912920  -0.03312281
 -0.00310825   0.01962474    -0.20912920  -0.03312281    -0.00000000  -0.00000000
    2    1
 -0.00000000   0.00000000    -0.00000000   0.00000000    -0.00310825  -0.01962474
 -0.00000000   0.00000000    -0.00000000  -0.00000000    -0.20912920   0.03312281
 -0.00310825  -0.01962474    -0.20912920   0.03312281     0.00000000  -0.00000000
    2    2
  0.35980365  -0.00000000    -0.00000000   0.01485089     0.00000000  -0.00000000
 -0.00000000  -0.01485089     0.26000484  -0.00000000     0.00000000   0.00000000
 -0.00000000  -0.00000000     0.00000000   0.00000000     0.25915903  -0.00000000

     Dynamical  Matrix in cartesian axes

     q = (    1.000000000   0.000000000   0.100000000 ) 

    1    1
  0.35980365   0.00000000    -0.00000000   0.01485089    -0.00000000   0.00000000
 -0.00000000  -0.01485089     0.26000484  -0.00000000    -0.00000000  -0.00000000
  0.00000000   0.00000000    -0.00000000   0.00000000     0.25915903   0.00000000
    1    2
 -0.00000000   0.00000000    -0.00000000   0.00000000    -0.00310825  -0.01962474
 -0.00000000   0.00000000    -0.00000000  -0.00000000    -0.20912920   0.03312281
 -0.00310825  -0.01962474    -0.20912920   0.03312281     0.00000000   0.00000000
    2    1
 -0.00000000  -0.00000000     0.00000000  -0.00000000    -0.00310825   0.01962474
 -0.00000000  -0.00000000     0.00000000  -0.00000000    -0.20912920  -0.03312281
 -0.00310825   0.01962474    -0.20912920  -0.03312281    -0.00000000  -0.00000000
    2    2
  0.35980365  -0.00000000    -0.00000000  -0.01485089     0.00000000  -0.00000000
 -0.00000000   0.01485089     0.26000484   0.00000000     0.00000000   0.00000000
 -0.00000000  -0.00000000     0.00000000  -0.00000000     0.25915903  -0.00000000

     Dynamical  Matrix in cartesian axes

     q = (    1.000000000  -0.100000000   0.000000000 ) 

    1    1
  0.35980365   0.00000000     0.00000000   0.00000000     0.00000000  -0.01485089
  0.00000000   0.00000000     0.25915903   0.00000000     0.00000000  -0.00000000
 -0.00000000   0.01485089     0.00000000   0.00000000     0.26000484   0.00000000
    1    2
 -0.00000000   0.00000000    -0.00310825   0.01962474     0.00000000   0.00000000
 -0.00310825   0.01962474    -0.00000000   0.00000000    -0.20912920  -0.03312281
 -0.00000000   0.00000000    -0.20912920  -0.03312281    -0.00000000   0.00000000
    2    1
  0.00000000   0.00000000    -0.00310825  -0.01962474     0.00000000  -0.00000000
 -0.00310825  -0.01962474    -0.00000000  -0.00000000    -0.20912920   0.03312281
 -0.00000000  -0.00000000    -0.20912920   0.03312281    -0.00000000  -0.00000000
    2    2
  0.35980365   0.00000000     0.00000000   0.00000000     0.00000000   0.01485089
 -0.00000000   0.00000000     0.25915903   0.00000000     0.00000000   0.00000000
  0.00000000  -0.01485089     0.00000000   0.00000000     0.26000484  -0.00000000

     Dynamical  Matrix in cartesian axes

     q = (    0.100000000   0.000000000   1.000000000 ) 

    1    1
  0.25915903   0.00000000     0.00000000   0.00000000     0.00000000   0.00000000
 -0.00000000   0.00000000     0.26000484   0.00000000     0.00000000  -0.01485089
  0.00000000   0.00000000     0.00000000   0.01485089     0.35980365   0.00000000
    1    2
  0.00000000  -0.00000000    -0.20912920   0.03312281    -0.00310825  -0.01962474
 -0.20912920   0.03312281     0.00000000   0.00000000     0.00000000  -0.00000000
 -0.00310825  -0.01962474    -0.00000000  -0.00000000     0.00000000   0.00000000
    2    1
  0.00000000   0.00000000    -0.20912920  -0.03312281    -0.00310825   0.01962474
 -0.20912920  -0.03312281    -0.00000000   0.00000000     0.00000000  -0.00000000
 -0.00310825   0.01962474     0.00000000  -0.00000000     0.00000000   0.00000000
    2    2
  0.25915903   0.00000000     0.00000000  -0.00000000     0.00000000   0.00000000
  0.00000000   0.00000000     0.26000484  -0.00000000     0.00000000   0.01485089
  0.00000000   0.00000000     0.00000000  -0.01485089     0.35980365   0.00000000

     Dynamical  Matrix in cartesian axes

     q = (   -0.100000000   0.000000000  -1.000000000 ) 

    1    1
  0.25915903  -0.00000000     0.00000000  -0.00000000     0.00000000   0.00000000
 -0.00000000  -0.00000000     0.26000484  -0.00000000     0.00000000   0.01485089
  0.00000000  -0.00000000     0.00000000  -0.01485089     0.35980365   0.00000000
    1    2
 -0.00000000   0.00000000    -0.20912920  -0.03312281    -0.00310825   0.01962474
 -0.20912920  -0.03312281     0.00000000   0.00000000    -0.00000000  -0.00000000
 -0.00310825   0.01962474    -0.00000000  -0.00000000     0.00000000   0.00000000
    2    1
  0.00000000  -0.00000000    -0.20912920   0.03312281    -0.00310825  -0.01962474
 -0.20912920   0.03312281     0.00000000   0.00000000     0.00000000  -0.00000000
 -0.00310825  -0.01962474    -0.00000000  -0.00000000     0.00000000   0.00000000
    2    2
  0.25915903   0.00000000     0.00000000   0.00000000     0.00000000   0.00000000
  0.00000000   0.00000000     0.26000484   0.00000000     0.00000000  -0.01485089
  0.00000000   0.00000000     0.00000000   0.01485089     0.35980365   0.00000000

     Dynamical  Matrix in cartesian axes

     q = (    0.000000000   1.000000000   0.100000000 ) 

    1    1
  0.26000484  -0.00000000    -0.00000000  -0.01485089    -0.00000000  -0.00000000
 -0.00000000   0.01485089     0.35980365  -0.00000000    -0.00000000   0.00000000
 -0.00000000  -0.00000000     0.00000000   0.00000000     0.25915903  -0.00000000
    1    2
 -0.00000000   0.00000000     0.00000000   0.00000000    -0.20912920   0.03312281
 -0.00000000   0.00000000    -0.00000000   0.00000000    -0.00310825  -0.01962474
 -0.20912920   0.03312281    -0.00310825  -0.01962474    -0.00000000  -0.00000000
    2    1
  0.00000000  -0.00000000     0.00000000   0.00000000    -0.20912920  -0.03312281
  0.00000000   0.00000000     0.00000000  -0.00000000    -0.00310825   0.01962474
 -0.20912920  -0.03312281    -0.00310825   0.01962474    -0.00000000  -0.00000000
    2    2
  0.26000484   0.00000000    -0.00000000   0.01485089     0.00000000   0.00000000
 -0.00000000  -0.01485089     0.35980365   0.00000000     0.00000000  -0.00000000
  0.00000000   0.00000000     0.00000000  -0.00000000     0.25915903   0.00000000

     Dynamical  Matrix in cartesian axes

     q = (   -0.000000000  -1.000000000  -0.100000000 ) 

    1    1
  0.26000484   0.00000000    -0.00000000   0.01485089    -0.00000000  -0.00000000
 -0.00000000  -0.01485089     0.35980365  -0.00000000    -0.00000000   0.00000000
 -0.00000000   0.00000000     0.00000000   0.00000000     0.25915903  -0.00000000
    1    2
  0.00000000  -0.00000000     0.00000000   0.00000000    -0.20912920  -0.03312281
 -0.00000000   0.00000000    -0.00000000  -0.00000000    -0.00310825   0.01962474
 -0.20912920  -0.03312281    -0.00310825   0.01962474    -0.00000000  -0.00000000
    2    1
 -0.00000000   0.00000000     0.00000000   0.00000000    -0.20912920   0.03312281
 -0.00000000   0.00000000    -0.00000000   0.00000000    -0.00310825  -0.01962474
 -0.20912920   0.03312281    -0.00310825  -0.01962474    -0.00000000  -0.00000000
    2    2
  0.26000484  -0.00000000    -0.00000000  -0.01485089     0.00000000   0.00000000
 -0.00000000   0.01485089     0.35980365   0.00000000     0.00000000  -0.00000000
  0.00000000  -0.00000000     0.00000000  -0.00000000     0.25915903   0.00000000

     Dynamical  Matrix in cartesian axes

     q = (    0.000000000  -0.100000000   1.000000000 ) 

    1    1
  0.26000484   0.00000000    -0.00000000   0.00000000    -0.00000000   0.01485089
 -0.00000000   0.00000000     0.25915903   0.00000000     0.00000000   0.00000000
  0.00000000  -0.01485089     0.00000000   0.00000000     0.35980365   0.00000000
    1    2
  0.00000000   0.00000000    -0.20912920  -0.03312281     0.00000000   0.00000000
 -0.20912920  -0.03312281    -0.00000000   0.00000000    -0.00310825   0.01962474
  0.00000000   0.00000000    -0.00310825   0.01962474     0.00000000   0.00000000
    2    1
  0.00000000   0.00000000    -0.20912920   0.03312281     0.00000000   0.00000000
 -0.20912920   0.03312281     0.00000000   0.00000000    -0.00310825  -0.01962474
  0.00000000   0.00000000    -0.00310825  -0.01962474     0.00000000   0.00000000
    2    2
  0.26000484  -0.00000000     0.00000000   0.00000000     0.00000000  -0.01485089
  0.00000000  -0.00000000     0.25915903   0.00000000     0.00000000   0.00000000
  0.00000000   0.01485089     0.00000000   0.00000000     0.35980365   0.00000000

     Dynamical  Matrix in cartesian axes

     q = (    0.100000000   1.000000000   0.000000000 ) 

    1    1
  0.25915903   0.00000000     0.00000000   0.00000000    -0.00000000   0.00000000
  0.00000000   0.00000000     0.35980365   0.00000000     0.00000000   0.01485089
 -0.00000000   0.00000000     0.00000000  -0.01485089     0.26000484   0.00000000
    1    2
 -0.00000000   0.00000000    -0.00310825  -0.01962474    -0.20912920   0.03312281
 -0.00310825  -0.01962474     0.00000000  -0.00000000     0.00000000   0.00000000
 -0.20912920   0.03312281     0.00000000   0.00000000    -0.00000000  -0.00000000
    2    1
 -0.00000000   0.00000000    -0.00310825   0.01962474    -0.20912920  -0.03312281
 -0.00310825   0.01962474    -0.00000000   0.00000000    -0.00000000  -0.00000000
 -0.20912920  -0.03312281    -0.00000000  -0.00000000     0.00000000   0.00000000
    2    2
  0.25915903   0.00000000     0.00000000   0.00000000     0.00000000  -0.00000000
  0.00000000   0.00000000     0.35980365   0.00000000     0.00000000  -0.01485089
  0.00000000   0.00000000     0.00000000   0.01485089     0.26000484  -0.00000000

     Dynamical  Matrix in cartesian axes

     q = (   -0.100000000  -1.000000000   0.000000000 ) 

    1    1
  0.25915903  -0.00000000     0.00000000   0.00000000    -0.00000000  -0.00000000
  0.00000000  -0.00000000     0.35980365   0.00000000     0.00000000  -0.01485089
 -0.00000000  -0.00000000     0.00000000   0.01485089     0.26000484  -0.00000000
    1    2
 -0.00000000   0.00000000    -0.00310825   0.01962474    -0.20912920  -0.03312281
 -0.00310825   0.01962474    -0.00000000   0.00000000     0.00000000  -0.00000000
 -0.20912920  -0.03312281     0.00000000  -0.00000000    -0.00000000   0.00000000
    2    1
 -0.00000000   0.00000000    -0.00310825  -0.01962474    -0.20912920   0.03312281
 -0.00310825  -0.01962474     0.00000000  -0.00000000     0.00000000   0.00000000
 -0.20912920   0.03312281     0.00000000   0.00000000    -0.00000000  -0.00000000
    2    2
  0.25915903   0.00000000     0.00000000   0.00000000     0.00000000   0.00000000
  0.00000000   0.00000000     0.35980365   0.00000000     0.00000000   0.01485089
  0.00000000   0.00000000     0.00000000  -0.01485089     0.26000484   0.00000000

     Dynamical  Matrix in cartesian axes

     q = (    0.000000000   0.100000000  -1.000000000 ) 

    1    1
  0.26000484  -0.00000000    -0.00000000  -0.00000000    -0.00000000  -0.01485089
 -0.00000000  -0.00000000     0.25915903  -0.00000000     0.00000000   0.00000000
  0.00000000   0.01485089     0.00000000   0.00000000     0.35980365   0.00000000
    1    2
 -0.00000000   0.00000000    -0.20912920   0.03312281    -0.00000000   0.00000000
 -0.20912920   0.03312281    -0.00000000   0.00000000    -0.00310825  -0.01962474
 -0.00000000   0.00000000    -0.00310825  -0.01962474    -0.00000000   0.00000000
    2    1
 -0.00000000   0.00000000    -0.20912920  -0.03312281     0.00000000   0.00000000
 -0.20912920  -0.03312281    -0.00000000   0.00000000    -0.00310825   0.01962474
 -0.00000000   0.00000000    -0.00310825   0.01962474     0.00000000   0.00000000
    2    2
  0.26000484   0.00000000     0.00000000   0.00000000     0.00000000   0.01485089
  0.00000000   0.00000000     0.25915903   0.00000000     0.00000000   0.00000000
  0.00000000  -0.01485089     0.00000000  -0.00000000     0.35980365   0.00000000

     Diagonalizing the dynamical matrix

     q = (    1.000000000   0.100000000   0.000000000 ) 

 **************************************************************************
     freq (    1) =       4.495756 [THz] =     149.962280 [cm-1]
 ( -0.002302 -0.010494  0.250172 -0.039623 -0.643889  0.141228 ) 
 (  0.000000 -0.004114 -0.660250  0.038892  0.252448  0.000000 ) 
     freq (    2) =       4.495756 [THz] =     149.962280 [cm-1]
 (  0.000881  0.004019  0.653252 -0.103465  0.246586 -0.054085 ) 
 (  0.000000 -0.010743  0.252852 -0.014894  0.659196  0.000000 ) 
     freq (    3) =      12.245787 [THz] =     408.475502 [cm-1]
 (  0.014456 -0.138932  0.134323 -0.021275  0.021839  0.002272 ) 
 (  0.000000 -0.968479 -0.018951 -0.005057 -0.152234  0.000000 ) 
     freq (    4) =      12.245787 [THz] =     408.475502 [cm-1]
 (  0.100231 -0.963278 -0.019373  0.003068  0.151417  0.015755 ) 
 ( -0.000000  0.139682 -0.131400 -0.035062  0.021956  0.000000 ) 
     freq (    5) =      14.193617 [THz] =     473.448085 [cm-1]
 (  0.041176  0.200039  0.087481 -0.013856  0.671668 -0.138257 ) 
 (  0.000000  0.026339 -0.686063  0.031530 -0.088438  0.000000 ) 
     freq (    6) =      14.193617 [THz] =     473.448085 [cm-1]
 (  0.005310  0.025798 -0.678331  0.107437  0.086622 -0.017830 ) 
 (  0.000000 -0.204233 -0.088478  0.004066  0.685750  0.000000 ) 
 **************************************************************************
