Dynamical matrix file
Phonons on a uniform q-grid                                                
  1    2   2  10.2000000   0.0000000   0.0000000   0.0000000   0.0000000   0.0000000
           1  'Si  '    25598.3672898282     
    1    1      0.0000000000      0.0000000000      0.0000000000
    2    1      0.2500000000      0.2500000000      0.2500000000

     Dynamical  Matrix in cartesian axes

     q = (    0.500000000   0.500000000   0.500000000 ) 

    1    1
  0.30129782   0.00000000     0.02224632   0.00000000     0.02224632   0.00000000
  0.02224632   0.00000000     0.30129782   0.00000000     0.02224632   0.00000000
  0.02224632   0.00000000     0.02224632   0.00000000     0.30129782   0.00000000
    1    2
  0.16176622   0.00000000    -0.09637092   0.00000000    -0.09637092   0.00000000
 -0.09637092   0.00000000     0.16176622   0.00000000    -0.09637092   0.00000000
 -0.09637092   0.00000000    -0.09637092   0.00000000     0.16176622   0.00000000
    2    1
  0.16176622   0.00000000    -0.09637092   0.00000000    -0.09637092   0.00000000
 -0.09637092   0.00000000     0.16176622   0.00000000    -0.09637092   0.00000000
 -0.09637092   0.00000000    -0.09637092   0.00000000     0.16176622   0.00000000
    2    2
  0.30129782   0.00000000     0.02224632   0.00000000     0.02224632   0.00000000
  0.02224632   0.00000000     0.30129782   0.00000000     0.02224632   0.00000000
  0.02224632   0.00000000     0.02224632   0.00000000     0.30129782   0.00000000

     Dynamical  Matrix in cartesian axes

     q = (    0.500000000  -0.500000000  -0.500000000 ) 

    1    1
  0.30129782   0.00000000    -0.02224632   0.00000000    -0.02224632   0.00000000
 -0.02224632   0.00000000     0.30129782   0.00000000     0.02224632   0.00000000
 -0.02224632   0.00000000     0.02224632   0.00000000     0.30129782   0.00000000
    1    2
 -0.16176622   0.00000000    -0.09637092   0.00000000    -0.09637092   0.00000000
 -0.09637092   0.00000000    -0.16176622   0.00000000     0.09637092  -0.00000000
 -0.09637092   0.00000000     0.09637092  -0.00000000    -0.16176622   0.00000000
    2    1
 -0.16176622  -0.00000000    -0.09637092  -0.00000000    -0.09637092  -0.00000000
 -0.09637092  -0.00000000    -0.16176622  -0.00000000     0.09637092   0.00000000
 -0.09637092  -0.00000000     0.09637092   0.00000000    -0.16176622  -0.00000000
    2    2
  0.30129782   0.00000000    -0.02224632   0.00000000    -0.02224632   0.00000000
 -0.02224632   0.00000000     0.30129782   0.00000000     0.02224632   0.00000000
 -0.02224632   0.00000000     0.02224632   0.00000000     0.30129782   0.00000000

     Dynamical  Matrix in cartesian axes

     q = (    0.500000000  -0.500000000   0.500000000 ) 

    1    1
  0.30129782   0.00000000    -0.02224632   0.00000000     0.02224632   0.00000000
 -0.02224632   0.00000000     0.30129782   0.00000000    -0.02224632   0.00000000
  0.02224632   0.00000000    -0.02224632   0.00000000     0.30129782   0.00000000
    1    2
 -0.16176622  -0.00000000    -0.09637092  -0.00000000     0.09637092   0.00000000
 -0.09637092  -0.00000000    -0.16176622  -0.00000000    -0.09637092  -0.00000000
  0.09637092   0.00000000    -0.09637092  -0.00000000    -0.16176622  -0.00000000
    2    1
 -0.16176622   0.00000000    -0.09637092   0.00000000     0.09637092  -0.00000000
 -0.09637092   0.00000000    -0.16176622   0.00000000    -0.09637092   0.00000000
  0.09637092  -0.00000000    -0.09637092   0.00000000    -0.16176622   0.00000000
    2    2
  0.30129782   0.00000000    -0.02224632   0.00000000     0.02224632   0.00000000
 -0.02224632   0.00000000     0.30129782   0.00000000    -0.02224632   0.00000000
  0.02224632   0.00000000    -0.02224632   0.00000000     0.30129782   0.00000000

     Dynamical  Matrix in cartesian axes

     q = (   -0.500000000  -0.500000000   0.500000000 ) 

    1    1
  0.30129782   0.00000000     0.02224632   0.00000000    -0.02224632   0.00000000
  0.02224632   0.00000000     0.30129782   0.00000000    -0.02224632   0.00000000
 -0.02224632   0.00000000    -0.02224632   0.00000000     0.30129782   0.00000000
    1    2
 -0.16176622   0.00000000     0.09637092  -0.00000000    -0.09637092   0.00000000
  0.09637092  -0.00000000    -0.16176622   0.00000000    -0.09637092   0.00000000
 -0.09637092   0.00000000    -0.09637092   0.00000000    -0.16176622   0.00000000
    2    1
 -0.16176622  -0.00000000     0.09637092   0.00000000    -0.09637092  -0.00000000
  0.09637092   0.00000000    -0.16176622  -0.00000000    -0.09637092  -0.00000000
 -0.09637092  -0.00000000    -0.09637092  -0.00000000    -0.16176622  -0.00000000
    2    2
  0.30129782   0.00000000     0.02224632   0.00000000    -0.02224632   0.00000000
  0.02224632   0.00000000     0.30129782   0.00000000    -0.02224632   0.00000000
 -0.02224632   0.00000000    -0.02224632   0.00000000     0.30129782   0.00000000

     Diagonalizing the dynamical matrix

     q = (    0.500000000   0.500000000   0.500000000 ) 

 **************************************************************************
     freq (    1) =       2.973659 [THz] =      99.190594 [cm-1]
 ( -0.577231  0.000000  0.278436  0.000000  0.298795  0.000000 ) 
 (  0.577231  0.000000 -0.278436  0.000000 -0.298795  0.000000 ) 
     freq (    2) =       2.973659 [THz] =      99.190594 [cm-1]
 (  0.011754  0.000000 -0.505773  0.000000  0.494019  0.000000 ) 
 ( -0.011754  0.000000  0.505773  0.000000 -0.494019  0.000000 ) 
     freq (    3) =      11.537096 [THz] =     384.836102 [cm-1]
 (  0.408248  0.000000  0.408248  0.000000  0.408248  0.000000 ) 
 (  0.408248  0.000000  0.408248  0.000000  0.408248  0.000000 ) 
     freq (    4) =      12.621321 [THz] =     421.001943 [cm-1]
 (  0.408248  0.000000  0.408248  0.000000  0.408248  0.000000 ) 
 ( -0.408248  0.000000 -0.408248  0.000000 -0.408248  0.000000 ) 
     freq (    5) =      15.070661 [THz] =     502.703149 [cm-1]
 (  0.301650  0.000000  0.275503  0.000000 -0.577153  0.000000 ) 
 (  0.301650  0.000000  0.275503  0.000000 -0.577153  0.000000 ) 
     freq (    6) =      15.070661 [THz] =     502.703149 [cm-1]
 (  0.492281  0.000000 -0.507377  0.000000  0.015096  0.000000 ) 
 (  0.492281  0.000000 -0.507377  0.000000  0.015096  0.000000 ) 
 **************************************************************************
