Dynamical matrix file
Phonons on a uniform q-grid                                                
  1    2   2  10.2000000   0.0000000   0.0000000   0.0000000   0.0000000   0.0000000
           1  'Si  '    25598.3672898282     
    1    1      0.0000000000      0.0000000000      0.0000000000
    2    1      0.2500000000      0.2500000000      0.2500000000

     Dynamical  Matrix in cartesian axes

     q = (    1.000000000   0.000000000   0.000000000 ) 

    1    1
  0.36605048   0.00000000    -0.00000000   0.00000000     0.00000000   0.00000000
  0.00000000   0.00000000     0.25463246   0.00000000    -0.00000000   0.00000000
 -0.00000000   0.00000000    -0.00000000   0.00000000     0.25463246   0.00000000
    1    2
 -0.00000000  -0.00000000    -0.00000000  -0.00000000    -0.00000000  -0.00000000
 -0.00000000  -0.00000000    -0.00000000  -0.00000000    -0.21879764  -0.00000000
 -0.00000000  -0.00000000    -0.21879764  -0.00000000    -0.00000000  -0.00000000
    2    1
 -0.00000000   0.00000000    -0.00000000   0.00000000    -0.00000000   0.00000000
  0.00000000  -0.00000000     0.00000000   0.00000000    -0.21879764   0.00000000
 -0.00000000   0.00000000    -0.21879764   0.00000000     0.00000000   0.00000000
    2    2
  0.36605048   0.00000000     0.00000000   0.00000000     0.00000000   0.00000000
  0.00000000   0.00000000     0.25463246   0.00000000     0.00000000   0.00000000
  0.00000000   0.00000000     0.00000000   0.00000000     0.25463246   0.00000000

     Dynamical  Matrix in cartesian axes

     q = (    0.000000000   1.000000000   0.000000000 ) 

    1    1
  0.25463246   0.00000000     0.00000000   0.00000000     0.00000000   0.00000000
  0.00000000   0.00000000     0.36605048   0.00000000    -0.00000000   0.00000000
  0.00000000   0.00000000    -0.00000000   0.00000000     0.25463246   0.00000000
    1    2
  0.00000000  -0.00000000     0.00000000   0.00000000    -0.21879764  -0.00000000
 -0.00000000   0.00000000    -0.00000000   0.00000000     0.00000000  -0.00000000
 -0.21879764  -0.00000000     0.00000000   0.00000000    -0.00000000   0.00000000
    2    1
  0.00000000   0.00000000     0.00000000   0.00000000    -0.21879764   0.00000000
  0.00000000   0.00000000     0.00000000   0.00000000    -0.00000000  -0.00000000
 -0.21879764   0.00000000    -0.00000000  -0.00000000     0.00000000   0.00000000
    2    2
  0.25463246   0.00000000    -0.00000000   0.00000000     0.00000000   0.00000000
 -0.00000000   0.00000000     0.36605048   0.00000000     0.00000000   0.00000000
  0.00000000   0.00000000    -0.00000000   0.00000000     0.25463246   0.00000000

     Dynamical  Matrix in cartesian axes

     q = (    0.000000000   0.000000000  -1.000000000 ) 

    1    1
  0.25463246   0.00000000     0.00000000   0.00000000     0.00000000   0.00000000
  0.00000000   0.00000000     0.25463246   0.00000000     0.00000000   0.00000000
  0.00000000   0.00000000     0.00000000   0.00000000     0.36605048   0.00000000
    1    2
  0.00000000   0.00000000    -0.21879764   0.00000000     0.00000000  -0.00000000
 -0.21879764   0.00000000    -0.00000000   0.00000000     0.00000000  -0.00000000
 -0.00000000   0.00000000     0.00000000  -0.00000000     0.00000000  -0.00000000
    2    1
  0.00000000  -0.00000000    -0.21879764  -0.00000000     0.00000000  -0.00000000
 -0.21879764  -0.00000000     0.00000000  -0.00000000     0.00000000   0.00000000
  0.00000000   0.00000000    -0.00000000   0.00000000     0.00000000   0.00000000
    2    2
  0.25463246   0.00000000    -0.00000000   0.00000000    -0.00000000   0.00000000
 -0.00000000   0.00000000     0.25463246   0.00000000    -0.00000000   0.00000000
  0.00000000   0.00000000     0.00000000   0.00000000     0.36605048   0.00000000

     Diagonalizing the dynamical matrix

     q = (    1.000000000   0.000000000   0.000000000 ) 

 **************************************************************************
     freq (    1) =       3.892436 [THz] =     129.837697 [cm-1]
 (  0.000000  0.000000 -0.707107  0.000000  0.000000  0.000000 ) 
 ( -0.000000  0.000000 -0.000000  0.000000 -0.707107  0.000000 ) 
     freq (    2) =       3.892436 [THz] =     129.837697 [cm-1]
 (  0.000000  0.000000 -0.000000  0.000000  0.707107  0.000000 ) 
 ( -0.000000  0.000000  0.707107  0.000000  0.000000  0.000000 ) 
     freq (    3) =      12.440545 [THz] =     414.971903 [cm-1]
 ( -0.789849  0.000000  0.000000  0.000000 -0.000000  0.000000 ) 
 ( -0.613301  0.000000  0.000000  0.000000  0.000000  0.000000 ) 
     freq (    4) =      12.440545 [THz] =     414.971903 [cm-1]
 (  0.613301  0.000000  0.000000  0.000000 -0.000000  0.000000 ) 
 ( -0.789849  0.000000  0.000000  0.000000  0.000000  0.000000 ) 
     freq (    5) =      14.148058 [THz] =     471.928420 [cm-1]
 ( -0.000000  0.000000  0.000000  0.000000  0.707107  0.000000 ) 
 ( -0.000000  0.000000 -0.707107  0.000000  0.000000  0.000000 ) 
     freq (    6) =      14.148058 [THz] =     471.928420 [cm-1]
 (  0.000000  0.000000  0.707107  0.000000 -0.000000  0.000000 ) 
 (  0.000000  0.000000  0.000000  0.000000 -0.707107  0.000000 ) 
 **************************************************************************
