Dynamical matrix file
Phonons on a uniform q-grid                                                
  1    2   2  10.2000000   0.0000000   0.0000000   0.0000000   0.0000000   0.0000000
           1  'Si  '    25598.3672898282     
    1    1      0.0000000000      0.0000000000      0.0000000000
    2    1      0.2500000000      0.2500000000      0.2500000000

     Dynamical  Matrix in cartesian axes

     q = (    0.000000000   0.000000000   0.000000000 ) 

    1    1
  0.30109541   0.00000000     0.00000000   0.00000000    -0.00000000   0.00000000
 -0.00000000   0.00000000     0.30109541   0.00000000     0.00000000   0.00000000
 -0.00000000   0.00000000     0.00000000   0.00000000     0.30109541   0.00000000
    1    2
 -0.30112566   0.00000000    -0.00000000   0.00000000     0.00000000   0.00000000
 -0.00000000   0.00000000    -0.30112566   0.00000000     0.00000000   0.00000000
  0.00000000   0.00000000    -0.00000000   0.00000000    -0.30112566   0.00000000
    2    1
 -0.30112566   0.00000000    -0.00000000   0.00000000     0.00000000   0.00000000
 -0.00000000   0.00000000    -0.30112566   0.00000000     0.00000000   0.00000000
  0.00000000   0.00000000    -0.00000000   0.00000000    -0.30112566   0.00000000
    2    2
  0.30109541   0.00000000    -0.00000000   0.00000000    -0.00000000   0.00000000
 -0.00000000   0.00000000     0.30109541   0.00000000     0.00000000   0.00000000
 -0.00000000   0.00000000     0.00000000   0.00000000     0.30109541   0.00000000

     Dielectric Tensor:

         23.283373490814          0.000000000000          0.000000000000
          0.000000000000         23.283373490814         -0.000000000000
          0.000000000000         -0.000000000000         23.283373490814

     Effective Charges E-U: Z_{alpha}{s,beta}

     atom #    1
          0.000000000000          0.000000000000          0.000000000000
          0.000000000000          0.000000000000          0.000000000000
          0.000000000000          4.866606022352          0.000000000000
     atom #    2
          0.000000000000          0.000000000000          0.000000000000
          0.000000000000          0.000000000000          0.000000000000
          0.000000000000          5.955300413123          0.000000000000

     Diagonalizing the dynamical matrix

     q = (    0.000000000   0.000000000   0.000000000 ) 

 **************************************************************************
     freq (    1) =      -0.113098 [THz] =      -3.772547 [cm-1]
 (  0.419708  0.000000 -0.558772  0.000000 -0.107789  0.000000 ) 
 (  0.419708  0.000000 -0.558772  0.000000 -0.107789  0.000000 ) 
     freq (    2) =      -0.113098 [THz] =      -3.772547 [cm-1]
 (  0.567217  0.000000  0.399957  0.000000  0.135273  0.000000 ) 
 (  0.567217  0.000000  0.399957  0.000000  0.135273  0.000000 ) 
     freq (    3) =      -0.113098 [THz] =      -3.772547 [cm-1]
 ( -0.045928  0.000000 -0.166757  0.000000  0.685626  0.000000 ) 
 ( -0.045928  0.000000 -0.166757  0.000000  0.685626  0.000000 ) 
     freq (    4) =      15.956839 [THz] =     532.262870 [cm-1]
 ( -0.414719  0.000000  0.572720  0.000000 -0.000000  0.000000 ) 
 (  0.414719  0.000000 -0.572720  0.000000 -0.000000  0.000000 ) 
     freq (    5) =      15.956839 [THz] =     532.262870 [cm-1]
 (  0.572720  0.000000  0.414719  0.000000  0.000000  0.000000 ) 
 ( -0.572720  0.000000 -0.414719  0.000000 -0.000000  0.000000 ) 
     freq (    6) =      15.956839 [THz] =     532.262870 [cm-1]
 (  0.000000  0.000000  0.000000  0.000000 -0.707107  0.000000 ) 
 ( -0.000000  0.000000 -0.000000  0.000000  0.707107  0.000000 ) 
 **************************************************************************
