Dynamical matrix file
Phonons on a uniform q-grid                                                
  1    2   2  10.2000000   0.0000000   0.0000000   0.0000000   0.0000000   0.0000000
           1  'Si  '    25598.3672898282     
    1    1      0.0000000000      0.0000000000      0.0000000000
    2    1      0.2500000000      0.2500000000      0.2500000000

     Dynamical  Matrix in cartesian axes

     q = (    1.000000000   0.800000000   0.000000000 ) 

    1    1
  0.26795816   0.00000000     0.00000000  -0.00000000     0.00000000   0.01924893
  0.00000000   0.00000000     0.26354296  -0.00000000     0.00000000  -0.00000000
 -0.00000000  -0.01924893     0.00000000   0.00000000     0.35023813   0.00000000
    1    2
  0.00000000   0.00000000    -0.18783361  -0.06103084     0.00000000  -0.00000000
 -0.18783361  -0.06103084     0.00000000   0.00000000    -0.01602685   0.04932557
  0.00000000   0.00000000    -0.01602685   0.04932557     0.00000000  -0.00000000
    2    1
  0.00000000   0.00000000    -0.18783361   0.06103084     0.00000000  -0.00000000
 -0.18783361   0.06103084     0.00000000  -0.00000000    -0.01602685  -0.04932557
  0.00000000   0.00000000    -0.01602685  -0.04932557     0.00000000  -0.00000000
    2    2
  0.26795816   0.00000000     0.00000000  -0.00000000    -0.00000000  -0.01924893
  0.00000000   0.00000000     0.26354296   0.00000000     0.00000000  -0.00000000
 -0.00000000   0.01924893     0.00000000  -0.00000000     0.35023813   0.00000000

     Dynamical  Matrix in cartesian axes

     q = (    0.000000000  -0.800000000   1.000000000 ) 

    1    1
  0.35023813  -0.00000000    -0.00000000   0.00000000    -0.00000000   0.01924893
 -0.00000000  -0.00000000     0.26354296  -0.00000000    -0.00000000   0.00000000
 -0.00000000  -0.01924893    -0.00000000   0.00000000     0.26795816   0.00000000
    1    2
 -0.00000000  -0.00000000    -0.01602685  -0.04932557    -0.00000000   0.00000000
 -0.01602685  -0.04932557     0.00000000   0.00000000    -0.18783361   0.06103084
  0.00000000  -0.00000000    -0.18783361   0.06103084     0.00000000   0.00000000
    2    1
 -0.00000000  -0.00000000    -0.01602685   0.04932557    -0.00000000   0.00000000
 -0.01602685   0.04932557     0.00000000  -0.00000000    -0.18783361  -0.06103084
 -0.00000000  -0.00000000    -0.18783361  -0.06103084    -0.00000000  -0.00000000
    2    2
  0.35023813  -0.00000000     0.00000000  -0.00000000     0.00000000  -0.01924893
  0.00000000   0.00000000     0.26354296  -0.00000000     0.00000000  -0.00000000
  0.00000000   0.01924893     0.00000000   0.00000000     0.26795816   0.00000000

     Dynamical  Matrix in cartesian axes

     q = (    1.000000000  -0.800000000   0.000000000 ) 

    1    1
  0.26795816   0.00000000     0.00000000  -0.00000000    -0.00000000  -0.01924893
  0.00000000  -0.00000000     0.26354296  -0.00000000     0.00000000   0.00000000
 -0.00000000   0.01924893     0.00000000  -0.00000000     0.35023813  -0.00000000
    1    2
  0.00000000   0.00000000    -0.18783361   0.06103084     0.00000000  -0.00000000
 -0.18783361   0.06103084     0.00000000  -0.00000000    -0.01602685  -0.04932557
  0.00000000   0.00000000    -0.01602685  -0.04932557     0.00000000  -0.00000000
    2    1
  0.00000000   0.00000000    -0.18783361  -0.06103084     0.00000000  -0.00000000
 -0.18783361  -0.06103084    -0.00000000   0.00000000    -0.01602685   0.04932557
  0.00000000   0.00000000    -0.01602685   0.04932557     0.00000000   0.00000000
    2    2
  0.26795816   0.00000000     0.00000000  -0.00000000     0.00000000   0.01924893
  0.00000000   0.00000000     0.26354296  -0.00000000     0.00000000  -0.00000000
  0.00000000  -0.01924893     0.00000000   0.00000000     0.35023813   0.00000000

     Dynamical  Matrix in cartesian axes

     q = (   -1.000000000   0.000000000   0.800000000 ) 

    1    1
  0.26795816  -0.00000000     0.00000000   0.01924893     0.00000000  -0.00000000
  0.00000000  -0.01924893     0.35023813  -0.00000000    -0.00000000  -0.00000000
  0.00000000  -0.00000000    -0.00000000   0.00000000     0.26354296  -0.00000000
    1    2
  0.00000000   0.00000000    -0.00000000  -0.00000000    -0.18783361  -0.06103084
  0.00000000   0.00000000     0.00000000   0.00000000    -0.01602685   0.04932557
 -0.18783361  -0.06103084    -0.01602685   0.04932557    -0.00000000   0.00000000
    2    1
 -0.00000000   0.00000000    -0.00000000  -0.00000000    -0.18783361   0.06103084
  0.00000000  -0.00000000     0.00000000   0.00000000    -0.01602685  -0.04932557
 -0.18783361   0.06103084    -0.01602685  -0.04932557     0.00000000   0.00000000
    2    2
  0.26795816   0.00000000     0.00000000  -0.01924893     0.00000000   0.00000000
  0.00000000   0.01924893     0.35023813   0.00000000     0.00000000  -0.00000000
  0.00000000   0.00000000     0.00000000  -0.00000000     0.26354296   0.00000000

     Dynamical  Matrix in cartesian axes

     q = (   -1.000000000   0.000000000  -0.800000000 ) 

    1    1
  0.26795816   0.00000000    -0.00000000  -0.01924893     0.00000000  -0.00000000
 -0.00000000   0.01924893     0.35023813  -0.00000000     0.00000000   0.00000000
  0.00000000   0.00000000     0.00000000   0.00000000     0.26354296  -0.00000000
    1    2
  0.00000000   0.00000000    -0.00000000  -0.00000000    -0.18783361   0.06103084
  0.00000000   0.00000000     0.00000000  -0.00000000    -0.01602685  -0.04932557
 -0.18783361   0.06103084    -0.01602685  -0.04932557     0.00000000   0.00000000
    2    1
  0.00000000  -0.00000000     0.00000000  -0.00000000    -0.18783361  -0.06103084
  0.00000000  -0.00000000     0.00000000   0.00000000    -0.01602685   0.04932557
 -0.18783361  -0.06103084    -0.01602685   0.04932557    -0.00000000  -0.00000000
    2    2
  0.26795816  -0.00000000    -0.00000000   0.01924893     0.00000000  -0.00000000
  0.00000000  -0.01924893     0.35023813  -0.00000000    -0.00000000  -0.00000000
  0.00000000  -0.00000000    -0.00000000   0.00000000     0.26354296  -0.00000000

     Dynamical  Matrix in cartesian axes

     q = (    0.800000000   0.000000000   1.000000000 ) 

    1    1
  0.26354296  -0.00000000    -0.00000000  -0.00000000     0.00000000  -0.00000000
 -0.00000000   0.00000000     0.35023813   0.00000000     0.00000000  -0.01924893
  0.00000000  -0.00000000     0.00000000   0.01924893     0.26795816   0.00000000
    1    2
 -0.00000000   0.00000000    -0.01602685   0.04932557    -0.18783361  -0.06103084
 -0.01602685   0.04932557     0.00000000   0.00000000    -0.00000000   0.00000000
 -0.18783361  -0.06103084    -0.00000000   0.00000000     0.00000000   0.00000000
    2    1
  0.00000000   0.00000000    -0.01602685  -0.04932557    -0.18783361   0.06103084
 -0.01602685  -0.04932557    -0.00000000   0.00000000    -0.00000000   0.00000000
 -0.18783361   0.06103084     0.00000000   0.00000000     0.00000000   0.00000000
    2    2
  0.26354296  -0.00000000     0.00000000  -0.00000000     0.00000000   0.00000000
  0.00000000  -0.00000000     0.35023813  -0.00000000    -0.00000000   0.01924893
  0.00000000  -0.00000000    -0.00000000  -0.01924893     0.26795816   0.00000000

     Dynamical  Matrix in cartesian axes

     q = (   -0.800000000   0.000000000  -1.000000000 ) 

    1    1
  0.26354296  -0.00000000    -0.00000000  -0.00000000    -0.00000000   0.00000000
  0.00000000  -0.00000000     0.35023813  -0.00000000    -0.00000000   0.01924893
  0.00000000  -0.00000000    -0.00000000  -0.01924893     0.26795816   0.00000000
    1    2
  0.00000000   0.00000000    -0.01602685  -0.04932557    -0.18783361   0.06103084
 -0.01602685  -0.04932557     0.00000000   0.00000000    -0.00000000   0.00000000
 -0.18783361   0.06103084    -0.00000000   0.00000000     0.00000000   0.00000000
    2    1
  0.00000000   0.00000000    -0.01602685   0.04932557    -0.18783361  -0.06103084
 -0.01602685   0.04932557     0.00000000   0.00000000    -0.00000000  -0.00000000
 -0.18783361  -0.06103084     0.00000000   0.00000000     0.00000000   0.00000000
    2    2
  0.26354296  -0.00000000     0.00000000  -0.00000000     0.00000000   0.00000000
  0.00000000   0.00000000     0.35023813   0.00000000     0.00000000  -0.01924893
  0.00000000  -0.00000000     0.00000000   0.01924893     0.26795816   0.00000000

     Dynamical  Matrix in cartesian axes

     q = (    0.000000000   1.000000000   0.800000000 ) 

    1    1
  0.35023813  -0.00000000     0.00000000  -0.01924893    -0.00000000  -0.00000000
  0.00000000   0.01924893     0.26795816   0.00000000     0.00000000   0.00000000
 -0.00000000  -0.00000000    -0.00000000  -0.00000000     0.26354296  -0.00000000
    1    2
  0.00000000  -0.00000000     0.00000000  -0.00000000    -0.01602685   0.04932557
  0.00000000   0.00000000     0.00000000  -0.00000000    -0.18783361  -0.06103084
 -0.01602685   0.04932557    -0.18783361  -0.06103084     0.00000000  -0.00000000
    2    1
 -0.00000000   0.00000000     0.00000000   0.00000000    -0.01602685  -0.04932557
 -0.00000000   0.00000000     0.00000000   0.00000000    -0.18783361   0.06103084
 -0.01602685  -0.04932557    -0.18783361   0.06103084    -0.00000000  -0.00000000
    2    2
  0.35023813  -0.00000000     0.00000000   0.01924893     0.00000000  -0.00000000
  0.00000000  -0.01924893     0.26795816   0.00000000     0.00000000   0.00000000
  0.00000000  -0.00000000     0.00000000  -0.00000000     0.26354296  -0.00000000

     Dynamical  Matrix in cartesian axes

     q = (    0.000000000  -1.000000000  -0.800000000 ) 

    1    1
  0.35023813   0.00000000    -0.00000000   0.01924893    -0.00000000  -0.00000000
 -0.00000000  -0.01924893     0.26795816   0.00000000    -0.00000000  -0.00000000
 -0.00000000   0.00000000    -0.00000000  -0.00000000     0.26354296  -0.00000000
    1    2
 -0.00000000   0.00000000     0.00000000  -0.00000000    -0.01602685  -0.04932557
 -0.00000000  -0.00000000     0.00000000   0.00000000    -0.18783361   0.06103084
 -0.01602685  -0.04932557    -0.18783361   0.06103084    -0.00000000   0.00000000
    2    1
 -0.00000000  -0.00000000     0.00000000   0.00000000    -0.01602685   0.04932557
 -0.00000000  -0.00000000     0.00000000  -0.00000000    -0.18783361  -0.06103084
 -0.01602685   0.04932557    -0.18783361  -0.06103084    -0.00000000   0.00000000
    2    2
  0.35023813  -0.00000000     0.00000000  -0.01924893     0.00000000  -0.00000000
  0.00000000   0.01924893     0.26795816   0.00000000     0.00000000   0.00000000
  0.00000000  -0.00000000     0.00000000  -0.00000000     0.26354296  -0.00000000

     Dynamical  Matrix in cartesian axes

     q = (    0.800000000   1.000000000   0.000000000 ) 

    1    1
  0.26354296   0.00000000     0.00000000   0.00000000    -0.00000000   0.00000000
  0.00000000  -0.00000000     0.26795816   0.00000000     0.00000000   0.01924893
 -0.00000000   0.00000000     0.00000000  -0.01924893     0.35023813   0.00000000
    1    2
  0.00000000   0.00000000    -0.18783361  -0.06103084    -0.01602685   0.04932557
 -0.18783361  -0.06103084     0.00000000   0.00000000     0.00000000   0.00000000
 -0.01602685   0.04932557    -0.00000000  -0.00000000     0.00000000   0.00000000
    2    1
  0.00000000   0.00000000    -0.18783361   0.06103084    -0.01602685  -0.04932557
 -0.18783361   0.06103084     0.00000000   0.00000000    -0.00000000   0.00000000
 -0.01602685  -0.04932557     0.00000000   0.00000000     0.00000000   0.00000000
    2    2
  0.26354296  -0.00000000     0.00000000   0.00000000     0.00000000   0.00000000
  0.00000000  -0.00000000     0.26795816   0.00000000     0.00000000  -0.01924893
 -0.00000000  -0.00000000     0.00000000   0.01924893     0.35023813   0.00000000

     Dynamical  Matrix in cartesian axes

     q = (   -0.800000000  -1.000000000   0.000000000 ) 

    1    1
  0.26354296  -0.00000000     0.00000000  -0.00000000     0.00000000  -0.00000000
  0.00000000  -0.00000000     0.26795816  -0.00000000     0.00000000  -0.01924893
 -0.00000000   0.00000000     0.00000000   0.01924893     0.35023813   0.00000000
    1    2
  0.00000000   0.00000000    -0.18783361   0.06103084    -0.01602685  -0.04932557
 -0.18783361   0.06103084     0.00000000   0.00000000     0.00000000   0.00000000
 -0.01602685  -0.04932557     0.00000000   0.00000000     0.00000000   0.00000000
    2    1
  0.00000000   0.00000000    -0.18783361  -0.06103084    -0.01602685   0.04932557
 -0.18783361  -0.06103084     0.00000000   0.00000000     0.00000000   0.00000000
 -0.01602685   0.04932557    -0.00000000  -0.00000000     0.00000000   0.00000000
    2    2
  0.26354296   0.00000000     0.00000000   0.00000000    -0.00000000   0.00000000
  0.00000000  -0.00000000     0.26795816   0.00000000     0.00000000   0.01924893
 -0.00000000   0.00000000     0.00000000  -0.01924893     0.35023813   0.00000000

     Dynamical  Matrix in cartesian axes

     q = (    0.000000000   0.800000000  -1.000000000 ) 

    1    1
  0.35023813  -0.00000000    -0.00000000  -0.00000000     0.00000000  -0.01924893
  0.00000000   0.00000000     0.26354296  -0.00000000     0.00000000  -0.00000000
  0.00000000   0.01924893     0.00000000   0.00000000     0.26795816   0.00000000
    1    2
 -0.00000000  -0.00000000    -0.01602685   0.04932557    -0.00000000   0.00000000
 -0.01602685   0.04932557    -0.00000000   0.00000000    -0.18783361  -0.06103084
 -0.00000000  -0.00000000    -0.18783361  -0.06103084    -0.00000000  -0.00000000
    2    1
  0.00000000   0.00000000    -0.01602685  -0.04932557    -0.00000000   0.00000000
 -0.01602685  -0.04932557     0.00000000   0.00000000    -0.18783361   0.06103084
  0.00000000  -0.00000000    -0.18783361   0.06103084    -0.00000000   0.00000000
    2    2
  0.35023813   0.00000000     0.00000000   0.00000000     0.00000000   0.01924893
  0.00000000  -0.00000000     0.26354296  -0.00000000     0.00000000  -0.00000000
  0.00000000  -0.01924893     0.00000000   0.00000000     0.26795816   0.00000000

     Diagonalizing the dynamical matrix

     q = (    1.000000000   0.800000000   0.000000000 ) 

 **************************************************************************
     freq (    1) =       5.293534 [THz] =     176.573281 [cm-1]
 ( -0.041333  0.238129  0.207354 -0.638170  0.028784  0.004996 ) 
 (  0.000000 -0.649602  0.035406  0.247132  0.078522  0.000000 ) 
     freq (    2) =       5.293534 [THz] =     176.573281 [cm-1]
 ( -0.111092  0.640032 -0.077148  0.237437  0.077365  0.013428 ) 
 (  0.000000  0.241690  0.095162  0.664230 -0.029215  0.000000 ) 
     freq (    3) =      11.865408 [THz] =     395.787424 [cm-1]
 (  0.006080 -0.008698  0.059750 -0.183892  0.025906  0.018110 ) 
 (  0.000000  0.312089 -0.001918  0.006289  0.929548  0.000000 ) 
     freq (    4) =      11.865408 [THz] =     395.787424 [cm-1]
 (  0.178815 -0.255782 -0.002032  0.006253  0.761840  0.532596 ) 
 ( -0.000000 -0.010612 -0.056393  0.184949 -0.031608  0.000000 ) 
     freq (    5) =      14.282589 [THz] =     476.415904 [cm-1]
 (  0.003086  0.009151  0.207269 -0.637908  0.005038 -0.001699 ) 
 (  0.000000  0.649614 -0.005950 -0.008002 -0.357623  0.000000 ) 
     freq (    6) =      14.282589 [THz] =     476.415904 [cm-1]
 ( -0.207562 -0.615562  0.003081 -0.009483 -0.338876  0.114266 ) 
 ( -0.000000  0.009657  0.400225  0.538244 -0.005317  0.000000 ) 
 **************************************************************************
