Dynamical matrix file
Phonons on a uniform q-grid                                                
  1    2   2  10.2000000   0.0000000   0.0000000   0.0000000   0.0000000   0.0000000
           1  'Si  '    25598.3672898282     
    1    1      0.0000000000      0.0000000000      0.0000000000
    2    1      0.2500000000      0.2500000000      0.2500000000

     Dynamical  Matrix in cartesian axes

     q = (    1.000000000   0.900000000   0.000000000 ) 

    1    1
  0.26000269   0.00000000     0.00000000   0.00000000    -0.00000000   0.01484867
  0.00000000   0.00000000     0.25916235   0.00000000    -0.00000000   0.00000000
 -0.00000000  -0.01484867    -0.00000000   0.00000000     0.35980619   0.00000000
    1    2
  0.00000000   0.00000000    -0.20913165  -0.03312320     0.00000000   0.00000000
 -0.20913165  -0.03312320    -0.00000000   0.00000000    -0.00310875   0.01962788
  0.00000000   0.00000000    -0.00310875   0.01962788     0.00000000   0.00000000
    2    1
  0.00000000  -0.00000000    -0.20913165   0.03312320     0.00000000  -0.00000000
 -0.20913165   0.03312320    -0.00000000   0.00000000    -0.00310875  -0.01962788
  0.00000000  -0.00000000    -0.00310875  -0.01962788     0.00000000  -0.00000000
    2    2
  0.26000269   0.00000000     0.00000000   0.00000000    -0.00000000  -0.01484867
  0.00000000   0.00000000     0.25916235   0.00000000    -0.00000000   0.00000000
 -0.00000000   0.01484867    -0.00000000   0.00000000     0.35980619   0.00000000

     Dynamical  Matrix in cartesian axes

     q = (    0.000000000  -0.900000000   1.000000000 ) 

    1    1
  0.35980619   0.00000000     0.00000000  -0.00000000    -0.00000000   0.01484867
  0.00000000   0.00000000     0.25916235  -0.00000000    -0.00000000  -0.00000000
  0.00000000  -0.01484867     0.00000000   0.00000000     0.26000269   0.00000000
    1    2
 -0.00000000   0.00000000    -0.00310875  -0.01962788    -0.00000000  -0.00000000
 -0.00310875  -0.01962788    -0.00000000   0.00000000    -0.20913165   0.03312320
 -0.00000000   0.00000000    -0.20913165   0.03312320    -0.00000000  -0.00000000
    2    1
 -0.00000000   0.00000000    -0.00310875   0.01962788    -0.00000000   0.00000000
 -0.00310875   0.01962788    -0.00000000  -0.00000000    -0.20913165  -0.03312320
 -0.00000000   0.00000000    -0.20913165  -0.03312320    -0.00000000   0.00000000
    2    2
  0.35980619   0.00000000     0.00000000   0.00000000    -0.00000000  -0.01484867
  0.00000000   0.00000000     0.25916235   0.00000000    -0.00000000   0.00000000
  0.00000000   0.01484867     0.00000000  -0.00000000     0.26000269  -0.00000000

     Dynamical  Matrix in cartesian axes

     q = (   -1.000000000  -0.900000000   0.000000000 ) 

    1    1
  0.26000269   0.00000000     0.00000000   0.00000000    -0.00000000  -0.01484867
  0.00000000   0.00000000     0.25916235   0.00000000    -0.00000000   0.00000000
 -0.00000000   0.01484867    -0.00000000   0.00000000     0.35980619   0.00000000
    1    2
  0.00000000  -0.00000000    -0.20913165   0.03312320     0.00000000  -0.00000000
 -0.20913165   0.03312320    -0.00000000   0.00000000    -0.00310875  -0.01962788
  0.00000000  -0.00000000    -0.00310875  -0.01962788     0.00000000  -0.00000000
    2    1
  0.00000000   0.00000000    -0.20913165  -0.03312320     0.00000000   0.00000000
 -0.20913165  -0.03312320    -0.00000000  -0.00000000    -0.00310875   0.01962788
  0.00000000   0.00000000    -0.00310875   0.01962788     0.00000000   0.00000000
    2    2
  0.26000269   0.00000000     0.00000000   0.00000000    -0.00000000   0.01484867
  0.00000000   0.00000000     0.25916235   0.00000000    -0.00000000   0.00000000
 -0.00000000  -0.01484867    -0.00000000   0.00000000     0.35980619   0.00000000

     Dynamical  Matrix in cartesian axes

     q = (   -1.000000000   0.000000000   0.900000000 ) 

    1    1
  0.26000269  -0.00000000     0.00000000   0.01484867     0.00000000   0.00000000
 -0.00000000  -0.01484867     0.35980619   0.00000000     0.00000000  -0.00000000
  0.00000000  -0.00000000     0.00000000  -0.00000000     0.25916235   0.00000000
    1    2
 -0.00000000  -0.00000000    -0.00000000   0.00000000    -0.20913165  -0.03312320
 -0.00000000  -0.00000000    -0.00000000   0.00000000    -0.00310875   0.01962788
 -0.20913165  -0.03312320    -0.00310875   0.01962788     0.00000000   0.00000000
    2    1
 -0.00000000   0.00000000    -0.00000000  -0.00000000    -0.20913165   0.03312320
 -0.00000000   0.00000000    -0.00000000  -0.00000000    -0.00310875  -0.01962788
 -0.20913165   0.03312320    -0.00310875  -0.01962788     0.00000000  -0.00000000
    2    2
  0.26000269   0.00000000     0.00000000  -0.01484867     0.00000000  -0.00000000
 -0.00000000   0.01484867     0.35980619  -0.00000000     0.00000000   0.00000000
  0.00000000   0.00000000     0.00000000   0.00000000     0.25916235  -0.00000000

     Dynamical  Matrix in cartesian axes

     q = (   -1.000000000   0.000000000  -0.900000000 ) 

    1    1
  0.26000269   0.00000000    -0.00000000  -0.01484867     0.00000000   0.00000000
 -0.00000000   0.01484867     0.35980619   0.00000000    -0.00000000   0.00000000
  0.00000000   0.00000000    -0.00000000   0.00000000     0.25916235   0.00000000
    1    2
  0.00000000   0.00000000    -0.00000000  -0.00000000    -0.20913165   0.03312320
  0.00000000   0.00000000    -0.00000000  -0.00000000    -0.00310875  -0.01962788
 -0.20913165   0.03312320    -0.00310875  -0.01962788    -0.00000000   0.00000000
    2    1
  0.00000000  -0.00000000    -0.00000000   0.00000000    -0.20913165  -0.03312320
  0.00000000  -0.00000000    -0.00000000   0.00000000    -0.00310875   0.01962788
 -0.20913165  -0.03312320    -0.00310875   0.01962788    -0.00000000  -0.00000000
    2    2
  0.26000269   0.00000000    -0.00000000   0.01484867     0.00000000   0.00000000
 -0.00000000  -0.01484867     0.35980619   0.00000000    -0.00000000   0.00000000
  0.00000000   0.00000000    -0.00000000   0.00000000     0.25916235   0.00000000

     Dynamical  Matrix in cartesian axes

     q = (    0.900000000   1.000000000   0.000000000 ) 

    1    1
  0.25916235   0.00000000     0.00000000   0.00000000     0.00000000   0.00000000
  0.00000000   0.00000000     0.26000269   0.00000000     0.00000000   0.01484867
  0.00000000   0.00000000     0.00000000  -0.01484867     0.35980619   0.00000000
    1    2
  0.00000000  -0.00000000    -0.20913165  -0.03312320    -0.00310875   0.01962788
 -0.20913165  -0.03312320    -0.00000000   0.00000000     0.00000000   0.00000000
 -0.00310875   0.01962788     0.00000000   0.00000000    -0.00000000  -0.00000000
    2    1
  0.00000000   0.00000000    -0.20913165   0.03312320    -0.00310875  -0.01962788
 -0.20913165   0.03312320    -0.00000000   0.00000000     0.00000000  -0.00000000
 -0.00310875  -0.01962788     0.00000000   0.00000000    -0.00000000   0.00000000
    2    2
  0.25916235   0.00000000     0.00000000   0.00000000     0.00000000   0.00000000
  0.00000000   0.00000000     0.26000269   0.00000000     0.00000000  -0.01484867
  0.00000000   0.00000000     0.00000000   0.01484867     0.35980619   0.00000000

     Dynamical  Matrix in cartesian axes

     q = (   -0.900000000   0.000000000  -1.000000000 ) 

    1    1
  0.25916235  -0.00000000     0.00000000  -0.00000000     0.00000000   0.00000000
  0.00000000   0.00000000     0.35980619   0.00000000     0.00000000   0.01484867
  0.00000000  -0.00000000     0.00000000  -0.01484867     0.26000269   0.00000000
    1    2
  0.00000000   0.00000000    -0.00310875  -0.01962788    -0.20913165   0.03312320
 -0.00310875  -0.01962788    -0.00000000   0.00000000     0.00000000  -0.00000000
 -0.20913165   0.03312320     0.00000000  -0.00000000    -0.00000000   0.00000000
    2    1
  0.00000000  -0.00000000    -0.00310875   0.01962788    -0.20913165  -0.03312320
 -0.00310875   0.01962788    -0.00000000   0.00000000     0.00000000   0.00000000
 -0.20913165  -0.03312320     0.00000000   0.00000000    -0.00000000  -0.00000000
    2    2
  0.25916235   0.00000000     0.00000000   0.00000000     0.00000000  -0.00000000
  0.00000000  -0.00000000     0.35980619  -0.00000000     0.00000000  -0.01484867
  0.00000000   0.00000000     0.00000000   0.01484867     0.26000269  -0.00000000

     Dynamical  Matrix in cartesian axes

     q = (    0.900000000   0.000000000  -1.000000000 ) 

    1    1
  0.25916235  -0.00000000     0.00000000  -0.00000000     0.00000000   0.00000000
  0.00000000  -0.00000000     0.35980619  -0.00000000     0.00000000  -0.01484867
  0.00000000  -0.00000000     0.00000000   0.01484867     0.26000269   0.00000000
    1    2
 -0.00000000   0.00000000    -0.00310875   0.01962788    -0.20913165  -0.03312320
 -0.00310875   0.01962788    -0.00000000   0.00000000     0.00000000  -0.00000000
 -0.20913165  -0.03312320     0.00000000  -0.00000000    -0.00000000   0.00000000
    2    1
 -0.00000000  -0.00000000    -0.00310875  -0.01962788    -0.20913165   0.03312320
 -0.00310875  -0.01962788    -0.00000000  -0.00000000     0.00000000   0.00000000
 -0.20913165   0.03312320     0.00000000   0.00000000    -0.00000000  -0.00000000
    2    2
  0.25916235   0.00000000     0.00000000   0.00000000     0.00000000  -0.00000000
  0.00000000   0.00000000     0.35980619   0.00000000     0.00000000   0.01484867
  0.00000000   0.00000000     0.00000000  -0.01484867     0.26000269  -0.00000000

     Dynamical  Matrix in cartesian axes

     q = (    0.000000000  -1.000000000  -0.900000000 ) 

    1    1
  0.35980619  -0.00000000    -0.00000000   0.01484867     0.00000000  -0.00000000
  0.00000000  -0.01484867     0.26000269   0.00000000     0.00000000   0.00000000
  0.00000000  -0.00000000    -0.00000000  -0.00000000     0.25916235  -0.00000000
    1    2
  0.00000000   0.00000000     0.00000000   0.00000000    -0.00310875  -0.01962788
  0.00000000   0.00000000     0.00000000   0.00000000    -0.20913165   0.03312320
 -0.00310875  -0.01962788    -0.20913165   0.03312320     0.00000000   0.00000000
    2    1
  0.00000000  -0.00000000     0.00000000  -0.00000000    -0.00310875   0.01962788
  0.00000000  -0.00000000     0.00000000  -0.00000000    -0.20913165  -0.03312320
 -0.00310875   0.01962788    -0.20913165  -0.03312320     0.00000000  -0.00000000
    2    2
  0.35980619   0.00000000    -0.00000000  -0.01484867     0.00000000   0.00000000
  0.00000000   0.01484867     0.26000269  -0.00000000     0.00000000  -0.00000000
  0.00000000   0.00000000    -0.00000000   0.00000000     0.25916235   0.00000000

     Dynamical  Matrix in cartesian axes

     q = (    0.000000000  -1.000000000   0.900000000 ) 

    1    1
  0.35980619   0.00000000    -0.00000000  -0.01484867     0.00000000   0.00000000
  0.00000000   0.01484867     0.26000269   0.00000000     0.00000000   0.00000000
  0.00000000   0.00000000    -0.00000000  -0.00000000     0.25916235  -0.00000000
    1    2
 -0.00000000   0.00000000     0.00000000   0.00000000    -0.00310875   0.01962788
 -0.00000000   0.00000000     0.00000000  -0.00000000    -0.20913165  -0.03312320
 -0.00310875   0.01962788    -0.20913165  -0.03312320     0.00000000   0.00000000
    2    1
 -0.00000000  -0.00000000     0.00000000  -0.00000000    -0.00310875  -0.01962788
 -0.00000000  -0.00000000     0.00000000   0.00000000    -0.20913165   0.03312320
 -0.00310875  -0.01962788    -0.20913165   0.03312320     0.00000000  -0.00000000
    2    2
  0.35980619   0.00000000    -0.00000000   0.01484867     0.00000000  -0.00000000
  0.00000000  -0.01484867     0.26000269  -0.00000000     0.00000000  -0.00000000
  0.00000000   0.00000000    -0.00000000   0.00000000     0.25916235   0.00000000

     Dynamical  Matrix in cartesian axes

     q = (   -0.000000000   0.900000000   1.000000000 ) 

    1    1
  0.35980619   0.00000000     0.00000000   0.00000000    -0.00000000  -0.01484867
  0.00000000  -0.00000000     0.25916235  -0.00000000    -0.00000000  -0.00000000
  0.00000000   0.01484867     0.00000000   0.00000000     0.26000269   0.00000000
    1    2
  0.00000000  -0.00000000    -0.00310875   0.01962788     0.00000000   0.00000000
 -0.00310875   0.01962788    -0.00000000  -0.00000000    -0.20913165  -0.03312320
  0.00000000  -0.00000000    -0.20913165  -0.03312320     0.00000000   0.00000000
    2    1
  0.00000000   0.00000000    -0.00310875  -0.01962788     0.00000000  -0.00000000
 -0.00310875  -0.01962788    -0.00000000   0.00000000    -0.20913165   0.03312320
  0.00000000   0.00000000    -0.20913165   0.03312320     0.00000000  -0.00000000
    2    2
  0.35980619  -0.00000000     0.00000000  -0.00000000    -0.00000000   0.01484867
  0.00000000   0.00000000     0.25916235   0.00000000    -0.00000000   0.00000000
  0.00000000  -0.01484867     0.00000000  -0.00000000     0.26000269  -0.00000000

     Dynamical  Matrix in cartesian axes

     q = (   -0.900000000  -1.000000000   0.000000000 ) 

    1    1
  0.25916235  -0.00000000     0.00000000   0.00000000     0.00000000   0.00000000
  0.00000000  -0.00000000     0.26000269   0.00000000     0.00000000  -0.01484867
  0.00000000   0.00000000     0.00000000   0.01484867     0.35980619   0.00000000
    1    2
 -0.00000000   0.00000000    -0.20913165   0.03312320    -0.00310875  -0.01962788
 -0.20913165   0.03312320    -0.00000000   0.00000000     0.00000000  -0.00000000
 -0.00310875  -0.01962788     0.00000000   0.00000000     0.00000000   0.00000000
    2    1
 -0.00000000  -0.00000000    -0.20913165  -0.03312320    -0.00310875   0.01962788
 -0.20913165  -0.03312320    -0.00000000   0.00000000     0.00000000   0.00000000
 -0.00310875   0.01962788     0.00000000   0.00000000     0.00000000  -0.00000000
    2    2
  0.25916235   0.00000000     0.00000000  -0.00000000     0.00000000   0.00000000
  0.00000000   0.00000000     0.26000269  -0.00000000     0.00000000   0.01484867
  0.00000000  -0.00000000     0.00000000  -0.01484867     0.35980619   0.00000000

     Diagonalizing the dynamical matrix

     q = (    1.000000000   0.900000000   0.000000000 ) 

 **************************************************************************
     freq (    1) =       4.495663 [THz] =     149.959185 [cm-1]
 ( -0.423922  0.371208 -0.066732  0.421331  0.006056  0.006916 ) 
 (  0.000000  0.425169 -0.361832  0.434393 -0.006936  0.000000 ) 
     freq (    2) =       4.495663 [THz] =     149.959185 [cm-1]
 ( -0.319869  0.280094  0.088440 -0.558389  0.004569  0.005218 ) 
 ( -0.000000 -0.563476 -0.273020  0.327770  0.009192  0.000000 ) 
     freq (    3) =      12.245828 [THz] =     408.476864 [cm-1]
 (  0.008833 -0.011860 -0.021395  0.135080  0.075446  0.056192 ) 
 (  0.000000 -0.153107 -0.006136  0.011698 -0.973967  0.000000 ) 
     freq (    4) =      12.245828 [THz] =     408.476864 [cm-1]
 ( -0.091455  0.122792 -0.002066  0.013047 -0.781118 -0.581778 ) 
 (  0.000000 -0.014788  0.063529 -0.121113 -0.094073  0.000000 ) 
     freq (    5) =      14.193666 [THz] =     473.449738 [cm-1]
 ( -0.465760 -0.330166  0.061107 -0.385817 -0.098335  0.138719 ) 
 ( -0.000000  0.390030  0.512457  0.253627 -0.116164  0.000000 ) 
     freq (    6) =      14.193666 [THz] =     473.449738 [cm-1]
 (  0.318193  0.225559  0.089447 -0.564746  0.067179 -0.094769 ) 
 ( -0.000000  0.570913 -0.350095 -0.173270 -0.170037  0.000000 ) 
 **************************************************************************
